esri/output.json
{"header": { "discipline":0, "disciplineName":"Meteorological products", "gribEdition":2, "gribLength":8672, "center":7, "centerName":"US National Weather Service - NCEP(WMC)", "subcenter":0, "refTime":"2014-02-17T18:00:00.000Z", "significanceOfRT":1, "significanceOfRTName":"Start of forecast", "productStatus":0, "productStatusName":"Operational products", "productType":1, "productTypeName":"Forecast products", "productDefinitionTemplate":0, "productDefinitionTemplateName":"Analysis/forecast at horizontal level/layer at a point in time", "parameterCategory":0, "parameterCategoryName":"Temperature", "parameterNumber":0, "parameterNumberName":"Temperature", "parameterUnit":"K", "genProcessType":2, "genProcessTypeName":"Forecast", "forecastTime":0, "surface1Type":1, "surface1TypeName":"Ground or water surface", "surface1Value":0.0, "surface2Type":255, "surface2TypeName":"Missing", "surface2Value":0.0, "gridDefinitionTemplate":0, "gridDefinitionTemplateName":"Latitude_Longitude", "numberPoints":10512, "shape":6, "shapeName":"Earth spherical with radius of 6,371,229.0 m", "gridUnits":"degrees", "resolution":48, "winds":"true", "scanMode":0, "nx":144, "ny":73, "basicAngle":0, "subDivisions":0, "lo1":0.0, "la1":90.0, "lo2":357.5, "la2":-90.0, "dx":2.5, "dy":2.5 }, "data":
[rows 34 to 67 of 73, columns 0 to 76 of 144]
301.1,301.8,302.2,304.4,296.7,294.5,297.4,297.5,297.5,290.4,295.2,296.6,297.5,302.7,305.0,295.1,297.4,304.2,302.1,298.6,300.1,300.3,300.3,300.9,301.6,301.6,301.4,301.6,301.6,301.5,301.5,301.5,301.4,301.6,301.7,301.8,301.8,302.1,302.6,297.4,302.1,292.7,299.6,299.5,300.1,300.4,300.4,293.5,301.3,301.5,301.7,301.8,302.2,301.9,301.9,302.4,303.0,303.2,303.1,303.1,303.0,303.1,303.0,303.0,302.8,302.7,302.7,302.8,302.7,302.5,302.4,302.3,302.2,301.9,301.7,301.7,301.8
302.0,302.2,302.2,302.1,300.2,292.5,296.1,297.8,297.7,291.8,298.7,294.6,290.8,297.4,297.6,305.5,306.7,304.6,300.9,299.5,299.9,300.2,300.3,300.6,301.1,301.1,301.0,301.1,301.3,301.5,301.9,302.0,302.0,302.2,302.3,302.5,302.5,302.7,303.1,303.5,296.9,294.9,300.2,300.2,300.7,295.0,287.5,296.3,301.6,301.8,302.1,302.2,302.4,302.2,302.2,302.8,303.4,303.5,303.5,303.6,303.6,303.6,303.5,303.4,303.3,303.2,303.0,302.9,302.9,302.7,302.4,302.2,302.0,301.6,301.1,300.8,301.0
301.5,301.8,301.9,302.0,298.8,299.7,298.1,297.8,298.9,298.4,295.0,293.9,289.6,291.3,287.2,286.2,305.3,298.6,299.4,299.5,299.8,300.2,300.4,300.4,300.9,300.9,301.0,301.1,301.2,301.6,302.1,302.3,302.3,302.4,302.6,302.6,302.5,302.6,302.8,303.0,292.8,296.8,300.5,300.7,295.2,292.5,292.8,299.2,298.5,302.3,302.4,302.4,302.5,302.8,302.3,302.5,302.9,303.1,303.3,303.5,303.7,303.6,303.5,303.6,303.6,303.5,303.2,303.1,303.0,302.7,302.3,301.8,301.6,301.4,301.2,300.9,300.9
300.7,301.3,301.6,301.7,299.1,294.1,297.1,297.9,298.4,296.4,296.9,296.0,291.9,291.1,289.9,294.0,299.7,299.6,299.6,299.7,300.3,300.9,301.1,300.9,301.2,301.5,301.7,301.8,301.8,301.9,302.2,302.4,302.4,302.4,302.4,302.3,302.1,302.3,302.3,302.5,302.6,295.5,299.2,300.9,301.3,296.4,297.3,302.2,287.7,302.9,302.8,302.5,302.6,302.1,302.4,293.4,297.9,302.4,302.8,303.0,302.0,303.3,303.4,303.5,303.6,303.6,303.4,303.4,303.3,303.2,302.9,302.4,302.3,302.2,302.1,301.9,301.8
300.6,301.1,301.5,301.9,302.2,298.4,296.6,296.5,294.4,297.6,297.3,295.0,288.3,292.1,289.0,293.6,301.6,301.2,300.9,300.8,301.0,301.3,301.3,300.8,301.0,301.4,301.8,302.0,302.2,302.2,302.2,302.4,302.5,302.4,302.1,302.1,302.0,302.1,302.1,302.1,302.2,302.1,296.5,300.9,301.3,301.9,302.0,301.8,293.4,297.9,302.6,302.2,301.9,302.0,302.3,297.2,290.9,289.6,296.2,302.8,302.7,303.3,303.3,303.2,303.2,303.1,303.2,303.3,303.2,303.3,303.3,303.3,303.1,303.1,302.9,302.8,302.7
300.4,300.8,301.1,301.6,301.8,301.7,287.9,296.6,294.0,294.3,291.4,291.1,288.8,289.4,292.4,294.5,302.2,302.3,302.2,301.8,301.5,301.3,300.9,300.1,300.2,300.7,301.4,301.7,302.0,302.2,302.2,302.5,302.6,302.5,302.3,302.3,302.2,302.1,302.1,302.2,302.2,302.2,302.1,295.4,294.2,295.9,301.4,301.5,301.7,302.0,302.1,301.8,301.5,301.6,302.1,302.5,296.4,296.3,295.0,301.5,302.7,302.9,303.2,303.2,303.0,302.9,303.0,303.2,303.1,303.1,303.1,303.3,303.3,303.2,303.1,303.1,303.1
299.7,299.9,300.3,300.7,300.7,300.4,292.8,291.6,292.8,293.1,293.7,289.4,288.1,290.6,290.6,294.4,301.0,302.1,302.3,302.0,301.6,301.1,300.8,300.2,300.4,300.9,301.7,301.8,301.6,301.7,301.8,302.3,302.4,302.5,302.5,302.5,302.4,302.3,302.6,302.8,302.5,302.2,302.0,301.9,302.0,301.9,301.8,301.9,295.8,302.2,302.4,302.0,301.9,301.9,302.1,302.4,302.5,302.5,302.5,302.2,298.1,302.5,302.7,302.8,302.1,302.6,303.0,303.3,303.2,303.1,303.1,303.1,303.0,303.0,303.1,303.2,303.4
298.9,299.0,299.3,299.6,299.5,299.4,290.5,292.2,291.8,291.8,290.9,291.6,293.0,294.4,289.7,295.4,297.2,302.2,302.3,302.0,301.9,301.7,301.5,301.2,301.4,301.8,302.2,302.0,301.2,301.2,301.4,302.1,302.3,302.3,302.2,302.1,301.8,301.7,302.0,302.3,302.2,302.1,302.0,301.9,302.2,302.3,302.3,302.1,302.0,302.0,302.4,302.4,302.4,297.0,296.9,302.9,302.7,297.0,302.4,302.3,302.3,302.4,302.7,302.8,302.8,302.7,302.9,303.1,303.1,303.0,302.9,302.7,302.6,302.6,303.0,303.2,303.6
298.3,298.3,298.5,298.5,297.9,301.4,293.3,292.6,293.4,295.2,293.5,292.4,294.3,292.7,293.1,292.7,295.4,302.7,302.7,300.2,294.9,302.2,301.9,301.7,301.8,301.9,302.0,301.8,301.0,300.9,301.0,301.6,301.7,301.7,301.5,301.4,301.1,300.9,301.0,300.8,301.1,301.5,301.7,301.8,302.2,302.5,302.7,302.4,302.1,302.1,302.3,298.5,298.2,296.9,299.3,303.3,303.0,296.6,296.8,302.1,302.1,302.2,302.4,302.6,302.5,302.5,302.5,302.8,302.7,302.6,302.6,302.3,302.2,302.1,302.7,303.1,303.4
297.9,297.8,297.8,297.6,296.6,303.0,300.6,296.8,294.6,294.9,294.2,297.3,292.2,293.4,295.8,297.5,302.7,303.0,294.5,293.1,302.5,302.3,302.0,301.6,301.6,301.6,301.7,301.5,301.3,300.7,300.5,300.9,301.2,300.9,300.6,300.6,300.5,300.3,300.1,299.8,299.8,300.1,300.9,301.4,301.5,301.6,302.0,302.3,302.7,299.5,298.1,297.5,296.2,299.9,296.2,297.4,302.8,297.4,293.3,301.8,301.8,301.8,301.6,301.7,301.8,301.9,302.0,302.1,302.0,302.0,302.3,301.8,302.1,301.9,302.5,302.9,303.1
297.7,297.4,297.2,297.0,296.2,294.2,300.6,292.8,294.7,296.4,296.6,292.8,290.3,290.8,302.6,302.5,302.6,303.1,296.5,288.7,302.4,302.2,301.8,300.7,301.1,301.1,301.2,300.7,300.6,300.3,300.1,300.3,300.6,300.4,300.1,299.9,299.7,299.3,299.0,298.6,298.5,298.7,299.5,300.2,300.1,300.5,301.4,302.6,303.5,302.2,300.7,299.9,297.1,298.0,295.7,297.9,297.1,297.9,292.9,296.5,301.1,301.2,300.8,300.8,300.8,301.1,301.4,301.3,301.0,301.1,301.6,301.7,301.7,301.6,302.1,302.4,302.6
298.1,297.6,297.0,296.6,296.1,293.6,303.0,290.9,297.2,296.1,297.5,292.2,294.5,297.1,295.4,302.0,302.0,302.5,293.3,292.3,302.1,301.7,301.3,300.5,300.3,300.5,300.6,300.1,299.6,299.3,299.1,299.2,299.4,299.4,299.2,299.0,298.7,298.3,297.8,297.4,297.4,297.8,298.0,298.4,298.8,299.9,307.3,302.3,300.3,298.8,300.2,297.2,296.7,293.5,294.5,297.8,301.6,300.7,297.9,295.9,296.0,300.3,300.1,300.0,299.8,300.0,300.2,300.2,300.3,300.4,300.7,300.4,300.6,300.8,301.2,301.3,301.5
298.7,298.2,297.4,296.5,296.0,293.6,300.8,306.3,302.2,302.0,294.5,291.1,289.3,294.7,301.4,301.3,301.3,301.9,296.6,301.9,301.4,300.8,300.2,299.6,299.5,299.6,299.7,299.4,298.8,298.4,298.2,298.3,298.4,298.3,298.0,297.8,297.6,297.2,297.0,296.9,296.8,296.9,296.7,297.0,297.8,299.0,305.0,303.1,299.7,298.2,297.7,296.6,294.8,294.2,295.0,297.9,300.9,300.5,296.9,292.2,293.6,298.0,299.2,299.0,298.8,298.9,299.0,299.2,299.4,299.4,299.5,299.1,299.5,300.0,300.2,300.1,300.2
298.4,298.1,297.5,296.7,296.3,294.6,292.9,307.8,307.2,301.5,294.7,294.3,283.1,295.5,301.0,300.6,300.4,300.7,301.3,300.9,300.5,299.6,298.9,298.2,298.4,298.4,298.3,298.2,298.0,297.8,297.6,297.7,297.6,297.1,296.7,296.6,296.4,295.9,295.9,296.1,295.8,295.6,295.7,296.0,296.8,297.5,304.4,303.4,300.1,297.6,298.7,297.7,295.0,293.9,297.5,297.4,297.2,299.0,298.5,294.3,295.3,293.9,298.9,298.1,297.8,297.7,297.9,298.0,297.7,297.6,298.0,298.2,298.5,299.1,299.4,299.3,299.3
297.4,297.1,296.7,296.2,296.0,295.7,294.3,304.4,306.3,304.7,298.9,288.2,289.5,300.3,300.4,300.0,299.3,298.8,299.3,299.2,298.9,297.9,297.3,296.9,297.1,297.2,297.3,297.2,296.7,296.3,296.2,296.3,296.1,295.6,295.4,295.5,295.3,294.9,294.9,294.9,294.4,294.2,294.4,294.7,295.2,295.7,296.9,299.0,295.9,293.4,293.3,293.5,293.5,294.1,295.4,296.9,295.7,295.1,296.3,297.5,292.7,287.2,298.5,297.6,297.0,296.8,296.7,296.4,296.0,295.9,296.4,296.7,296.9,297.3,297.9,298.1,298.0
295.9,295.7,295.5,295.3,295.1,295.2,294.8,293.7,307.5,304.4,299.7,290.6,299.3,299.2,299.4,299.1,298.1,297.2,297.5,297.5,296.9,295.9,295.7,295.7,295.7,295.8,295.9,295.8,295.4,295.3,295.2,295.0,294.8,294.6,294.4,294.3,294.0,293.7,293.6,293.5,293.1,293.0,293.2,293.3,293.7,294.4,294.7,291.1,287.2,287.8,290.9,294.5,294.1,293.8,290.4,293.8,293.7,293.7,294.6,291.6,288.9,297.0,298.0,297.4,296.4,296.0,295.5,294.9,294.5,294.7,295.0,295.2,295.3,295.5,296.3,296.9,296.8
293.8,293.9,294.2,294.2,294.3,294.4,294.3,294.4,295.1,296.3,297.3,298.2,298.4,298.0,297.8,297.3,296.5,295.9,296.0,295.8,295.2,294.4,294.4,294.2,294.2,294.3,294.4,294.2,294.2,294.1,293.9,293.4,293.2,293.1,292.9,292.6,292.2,291.9,291.8,291.8,291.6,291.7,291.8,292.1,292.5,293.1,293.4,289.7,293.2,292.9,292.9,293.1,293.0,292.8,293.2,290.8,290.1,291.9,293.9,291.3,286.6,296.5,296.6,296.3,295.3,294.8,294.4,294.1,293.7,293.8,294.2,294.3,294.2,294.2,295.0,295.4,295.4
290.6,291.0,291.6,291.8,292.8,293.6,293.4,294.0,295.9,297.3,297.0,296.9,297.4,297.0,296.3,295.9,295.8,295.4,295.2,294.7,294.1,293.7,293.8,293.4,293.0,292.8,292.9,292.6,292.7,292.5,292.2,291.5,291.2,290.9,290.8,290.7,290.5,290.0,289.6,289.5,289.7,289.9,290.2,290.5,290.6,291.0,291.5,291.8,291.8,291.6,291.3,291.2,291.4,291.4,291.5,291.5,289.9,285.0,284.5,284.9,293.7,295.7,295.4,295.0,294.0,293.3,293.1,293.0,292.7,292.5,291.3,293.9,293.4,293.3,293.6,293.7,293.9
287.4,287.7,288.0,288.2,289.4,291.0,291.4,292.2,294.5,295.6,294.2,293.7,294.6,294.4,293.4,293.2,293.5,293.5,293.5,293.1,292.2,291.7,292.0,292.1,291.8,291.1,290.7,290.4,290.4,290.1,289.7,289.1,288.8,288.4,288.5,288.3,288.3,287.8,287.6,287.6,287.8,287.8,288.1,288.3,288.3,288.5,288.9,289.2,289.3,289.4,289.4,289.5,289.7,290.0,290.3,290.4,290.6,290.8,291.7,292.5,293.8,294.1,293.6,292.8,292.1,291.8,291.6,291.5,291.3,291.5,289.1,292.2,292.5,292.2,292.3,292.3,292.3
284.5,284.6,284.7,284.6,285.3,286.5,287.1,287.6,289.4,290.2,289.3,289.1,289.8,289.5,288.2,287.7,288.1,288.2,287.7,287.1,286.7,287.2,288.2,289.7,290.2,289.5,288.3,287.8,287.3,286.8,286.5,286.1,285.8,286.0,286.4,286.1,285.8,285.4,285.5,285.8,286.0,286.0,286.2,286.4,286.4,286.4,286.7,286.9,286.9,287.1,287.2,287.5,287.8,288.2,288.6,289.1,289.3,289.4,289.8,282.1,291.9,291.6,291.1,290.4,289.9,289.9,290.0,290.2,290.2,283.3,289.7,290.4,290.7,290.6,290.9,291.1,291.1
281.8,282.1,282.0,281.8,282.0,282.3,282.5,282.5,283.3,283.6,283.9,284.3,285.2,284.9,283.7,282.8,282.8,282.8,282.0,281.5,281.7,282.6,283.7,285.4,286.3,286.1,284.5,283.9,283.2,283.2,283.3,283.3,283.1,283.3,283.8,283.7,283.4,283.0,283.0,283.2,283.4,283.5,284.0,284.3,284.8,285.0,285.2,285.0,285.2,285.3,285.6,286.0,286.2,286.4,286.8,287.6,287.8,287.6,287.8,288.2,288.5,288.1,288.1,288.1,288.0,288.0,288.5,286.1,282.4,287.6,287.9,288.2,288.4,289.1,289.7,289.9,289.9
279.4,279.6,279.6,279.4,279.4,279.5,279.7,279.7,279.9,280.0,280.3,280.9,281.7,281.8,281.2,280.5,280.4,280.6,280.4,280.1,280.0,280.2,280.6,281.2,281.3,280.9,280.1,279.8,279.5,279.7,280.3,280.8,280.7,280.7,281.2,281.4,281.6,281.4,281.2,280.9,281.0,281.3,281.9,282.2,282.7,283.3,283.5,283.5,283.6,283.7,284.0,284.3,284.5,284.5,284.8,285.4,285.6,285.4,285.3,285.4,285.5,285.5,285.8,286.0,286.0,286.0,286.6,286.5,286.3,285.9,285.7,285.7,286.0,287.0,288.1,288.5,288.5
277.7,277.8,277.6,277.5,277.1,277.0,277.3,277.4,277.2,277.0,277.4,278.0,278.7,279.0,279.0,278.8,278.6,278.6,278.7,278.9,279.0,278.9,278.7,278.4,278.2,278.1,278.1,278.0,277.5,277.2,277.1,277.3,277.8,278.4,279.1,279.5,279.7,279.9,279.8,279.2,279.1,279.5,280.1,280.2,280.0,280.3,280.7,281.1,281.3,281.5,282.1,282.5,282.7,282.6,282.8,282.9,282.9,283.1,283.7,283.7,283.5,283.6,283.8,283.9,284.0,284.2,284.3,284.4,284.5,284.2,283.8,283.6,284.2,285.1,286.0,286.3,286.5
275.8,275.8,275.9,276.0,275.7,275.3,275.4,275.5,275.2,274.8,275.4,276.1,276.6,276.9,277.2,277.2,276.9,276.7,276.7,276.9,277.1,277.0,276.8,276.8,276.9,277.1,277.1,277.0,276.6,276.1,275.7,275.3,275.7,276.7,277.7,277.9,277.6,278.0,278.2,278.0,277.8,277.9,278.5,278.5,278.3,278.4,278.6,279.0,279.4,279.7,280.4,280.8,281.1,281.0,281.0,280.9,280.6,280.5,281.0,281.5,281.7,281.9,282.0,281.9,282.0,282.7,282.9,282.8,282.4,282.1,282.0,282.4,283.1,283.8,284.0,284.0,284.1
274.7,274.7,274.7,274.9,274.8,274.6,274.5,274.4,274.2,274.1,274.8,275.4,275.8,275.9,276.0,275.6,275.4,275.1,275.3,275.4,275.5,275.6,275.7,275.8,275.9,276.0,276.1,276.0,275.6,275.5,275.3,274.8,275.0,275.6,276.5,276.6,276.2,276.5,276.8,276.8,276.7,276.7,277.0,277.3,277.6,278.0,278.3,278.6,278.9,279.2,279.3,279.4,279.6,279.6,279.5,279.4,278.9,278.2,277.9,278.2,278.8,279.6,280.0,279.8,279.8,280.5,281.5,281.6,281.1,280.9,281.1,281.5,281.9,282.2,282.2,281.9,281.9
274.4,274.6,274.6,274.7,274.7,274.6,274.4,274.1,274.2,274.3,274.8,275.2,275.3,275.3,275.2,274.6,274.4,274.4,274.8,274.8,274.7,274.7,274.8,274.8,274.8,275.0,275.1,275.1,274.9,274.8,274.8,274.7,274.6,274.7,275.2,275.6,275.6,275.6,275.7,275.7,275.6,275.7,276.1,276.5,276.7,277.1,277.3,277.6,277.8,278.0,278.2,278.2,278.5,278.5,278.3,278.1,277.9,277.4,276.6,276.3,276.4,277.3,277.6,277.2,277.1,277.8,279.2,279.8,279.7,279.8,280.0,280.0,279.9,279.9,279.9,279.7,279.3
274.3,274.6,274.6,274.7,274.7,274.5,274.3,274.0,274.0,274.3,274.6,274.7,274.7,274.7,274.7,274.3,274.2,274.3,274.4,274.4,274.2,274.2,274.1,274.1,274.1,274.3,274.5,274.5,274.4,274.3,274.3,274.4,274.3,274.1,274.3,274.7,275.1,274.9,274.9,274.9,275.0,275.2,275.4,275.6,275.7,275.9,276.1,276.4,276.4,276.5,276.9,277.0,277.3,277.3,277.2,276.9,276.9,276.8,276.4,276.0,275.5,275.6,275.7,275.5,275.6,276.1,276.7,277.4,278.0,278.2,278.2,277.9,278.0,278.1,277.9,277.7,277.5
273.9,274.0,274.3,274.4,274.6,274.6,274.5,274.2,274.0,274.1,274.2,274.3,274.4,274.4,274.4,274.3,274.3,274.3,274.3,274.1,273.7,273.5,273.3,273.5,273.6,273.8,274.1,274.3,274.4,274.1,273.9,273.8,273.5,273.2,273.1,273.5,273.5,273.2,272.9,273.2,273.5,273.8,273.8,273.9,274.1,274.1,274.3,274.6,274.8,275.0,275.3,275.4,275.5,275.4,275.4,275.3,275.4,275.5,275.6,275.1,274.4,273.6,273.3,273.3,273.8,274.3,274.5,275.0,275.6,275.8,275.8,276.1,276.3,276.3,275.8,275.4,275.2
273.5,273.4,273.2,273.1,273.1,273.4,273.5,273.6,273.6,273.7,273.7,273.7,273.7,273.6,273.5,273.4,273.4,273.3,273.0,272.6,272.1,270.1,271.9,272.0,272.1,272.2,272.5,272.8,272.9,272.5,272.3,272.1,271.9,272.1,271.6,271.8,271.9,271.6,271.6,270.2,271.9,272.1,271.9,271.9,272.3,272.1,272.0,271.8,272.5,272.5,272.5,270.9,270.5,268.6,267.3,271.7,272.4,272.6,272.7,272.4,271.9,271.1,271.6,271.6,271.9,272.7,272.9,273.1,273.4,273.6,273.8,274.2,274.5,274.5,273.8,273.3,273.0
272.2,272.1,271.7,271.5,269.5,268.2,271.7,271.9,272.1,272.2,272.3,272.2,272.1,271.9,271.8,271.8,271.8,271.4,261.5,259.2,260.0,257.8,262.4,261.4,265.4,265.7,266.5,266.0,266.3,268.7,268.7,268.6,268.5,267.2,263.4,260.4,254.4,251.0,249.0,248.5,253.1,248.1,247.8,250.7,252.8,252.3,255.2,254.5,253.9,251.4,249.1,250.8,249.2,244.5,244.0,244.5,246.8,250.3,254.7,271.3,267.0,258.6,262.1,265.5,271.4,271.5,271.5,271.7,272.1,272.5,272.9,273.0,273.1,272.9,272.5,272.3,272.1
260.8,262.5,267.3,264.7,263.5,263.5,259.6,262.8,265.0,265.9,266.8,263.9,262.2,262.5,257.9,258.2,256.1,248.5,246.3,246.1,244.5,247.4,245.9,240.2,243.1,245.6,252.1,258.2,260.1,258.8,258.8,256.3,250.9,246.4,243.8,242.3,240.0,238.7,239.1,240.1,240.9,239.9,239.0,238.7,240.3,241.3,240.7,240.5,239.7,238.3,237.1,235.8,234.8,234.1,232.5,233.5,235.2,237.8,239.7,241.1,243.2,245.0,232.5,241.4,252.4,266.9,268.5,271.3,271.4,272.1,272.5,272.7,272.8,272.7,272.5,272.3,272.1
237.0,233.5,237.9,236.7,240.2,240.8,245.1,249.3,251.5,249.7,244.9,247.0,246.0,243.0,240.4,237.9,239.9,239.7,237.8,235.8,235.3,236.2,236.0,238.4,241.3,243.9,250.1,258.5,254.1,252.4,248.4,245.0,243.2,241.4,238.4,234.7,228.9,227.2,229.7,232.5,233.5,232.9,232.2,230.3,230.1,230.6,231.2,230.7,229.8,228.8,227.7,227.5,228.5,229.1,230.5,231.0,231.1,231.5,232.0,233.1,233.8,234.8,234.8,235.9,235.7,231.2,239.6,243.8,242.3,271.5,272.0,272.2,272.4,272.5,272.4,272.1,271.8
234.8,235.9,236.4,234.4,231.5,230.6,231.3,230.6,229.7,230.8,229.9,229.2,231.6,232.1,232.3,232.9,232.3,231.6,230.3,228.5,225.3,228.1,233.0,236.1,238.8,242.7,246.7,247.4,244.7,241.0,239.3,236.9,235.2,234.6,233.3,231.6,230.0,226.8,226.7,226.5,227.2,228.0,228.4,227.7,226.9,226.5,226.0,225.9,226.1,226.9,227.7,228.2,228.4,227.9,227.6,227.9,227.6,227.8,227.8,228.1,229.2,231.0,233.9,236.7,241.9,247.8,271.3,271.3,271.3,271.7,271.8,271.6,271.6,271.7,271.7,271.6,271.6
240.0,239.3,238.9,238.2,236.9,234.3,231.6,230.3,229.8,229.5,229.1,228.9,228.5,227.8,226.9,225.6,224.0,221.3,214.7,213.4,216.5,219.6,221.9,222.4,227.6,230.9,233.0,234.1,234.1,233.2,230.9,230.5,230.2,228.8,227.3,226.6,227.1,227.0,227.4,227.7,227.9,228.3,227.7,228.6,229.2,229.5,229.4,229.0,228.3,227.3,226.7,227.4,228.2,228.4,228.0,227.5,227.4,227.4,227.4,227.6,228.1,228.9,229.3,231.3,235.0,245.0,268.7,255.7,248.5,246.5,249.9,260.4,271.4,271.4,271.4,271.4,271.5
