esri/output.json
{"header": { "discipline":0, "disciplineName":"Meteorological products", "gribEdition":2, "gribLength":8672, "center":7, "centerName":"US National Weather Service - NCEP(WMC)", "subcenter":0, "refTime":"2014-02-17T18:00:00.000Z", "significanceOfRT":1, "significanceOfRTName":"Start of forecast", "productStatus":0, "productStatusName":"Operational products", "productType":1, "productTypeName":"Forecast products", "productDefinitionTemplate":0, "productDefinitionTemplateName":"Analysis/forecast at horizontal level/layer at a point in time", "parameterCategory":0, "parameterCategoryName":"Temperature", "parameterNumber":0, "parameterNumberName":"Temperature", "parameterUnit":"K", "genProcessType":2, "genProcessTypeName":"Forecast", "forecastTime":0, "surface1Type":1, "surface1TypeName":"Ground or water surface", "surface1Value":0.0, "surface2Type":255, "surface2TypeName":"Missing", "surface2Value":0.0, "gridDefinitionTemplate":0, "gridDefinitionTemplateName":"Latitude_Longitude", "numberPoints":10512, "shape":6, "shapeName":"Earth spherical with radius of 6,371,229.0 m", "gridUnits":"degrees", "resolution":48, "winds":"true", "scanMode":0, "nx":144, "ny":73, "basicAngle":0, "subDivisions":0, "lo1":0.0, "la1":90.0, "lo2":357.5, "la2":-90.0, "dx":2.5, "dy":2.5 }, "data":
[rows 0 to 33 of 73, columns 0 to 76 of 144]
257.4,257.4,257.4,257.4,257.4,257.4,257.4,257.4,257.4,257.4,257.4,257.4,257.4,257.4,257.4,257.4,257.4,257.4,257.4,257.4,257.4,257.4,257.4,257.4,257.4,257.4,257.4,257.4,257.4,257.4,257.4,257.4,257.4,257.4,257.4,257.4,257.4,257.4,257.4,257.4,257.4,257.4,257.4,257.4,257.4,257.4,257.4,257.4,257.4,257.4,257.4,257.4,257.4,257.4,257.4,257.4,257.4,257.4,257.4,257.4,257.4,257.4,257.4,257.4,257.4,257.4,257.4,257.4,257.4,257.4,257.4,257.4,257.4,257.4,257.4,257.4,257.4
264.9,266.0,267.0,268.0,268.8,269.5,270.0,270.3,270.4,270.2,269.9,269.4,268.8,268.3,267.6,267.0,266.4,265.9,265.5,265.1,264.6,263.9,263.3,262.6,261.9,261.2,260.5,259.9,259.3,258.6,258.0,257.5,257.0,256.5,256.1,255.4,254.7,254.1,253.4,253.0,252.7,252.5,252.5,252.7,252.9,253.0,253.1,253.1,253.0,252.8,252.5,252.1,251.7,251.3,251.1,250.9,250.9,250.9,250.8,250.8,250.6,250.5,250.5,250.6,250.5,250.5,250.4,250.3,250.1,250.0,249.9,249.8,249.7,249.6,249.4,249.3,249.4
256.4,257.0,258.6,258.8,262.0,266.8,268.7,270.0,270.5,270.4,270.2,269.8,269.2,268.2,267.2,266.4,265.9,265.6,265.3,265.0,265.1,265.4,265.7,265.3,264.2,263.2,262.0,260.9,259.8,258.7,257.4,255.6,254.0,252.7,251.9,251.0,250.3,249.7,249.4,249.3,249.6,249.9,249.9,249.6,249.5,249.7,249.8,249.8,249.3,248.7,248.1,247.5,246.9,246.5,246.6,246.7,246.9,247.1,247.4,247.8,248.3,248.6,249.0,249.5,249.6,250.1,250.5,250.6,250.3,250.9,251.3,251.5,251.9,252.3,252.6,252.9,253.4
263.2,266.0,266.5,265.7,269.1,270.7,271.3,271.4,271.4,271.4,271.4,271.4,271.4,271.4,268.9,267.4,266.7,267.2,268.4,269.0,269.2,269.0,268.9,268.9,268.9,268.1,264.9,260.1,256.8,255.2,253.8,251.7,248.4,245.9,245.3,246.0,247.3,246.9,246.5,246.1,245.5,245.3,245.7,246.2,245.6,244.9,244.4,244.6,245.7,246.4,247.1,247.6,247.8,248.7,249.5,249.9,250.1,250.3,250.8,251.0,251.3,251.0,250.7,250.7,251.1,252.0,252.5,254.0,255.0,255.5,256.3,256.4,256.5,256.4,256.5,256.7,257.0
266.2,270.0,271.7,271.8,271.9,271.4,271.3,270.3,267.3,265.0,267.0,269.8,271.3,270.1,269.7,271.4,271.4,271.4,269.6,268.3,266.8,266.2,267.0,266.4,261.6,259.2,256.2,253.1,251.4,251.8,252.9,253.4,247.7,242.0,241.1,240.8,240.4,236.0,236.4,240.1,246.2,249.1,243.0,240.9,241.9,242.6,244.6,246.0,246.6,247.2,247.1,246.7,247.8,252.6,253.2,246.3,242.7,241.2,240.9,242.1,242.8,244.5,246.0,247.4,249.0,250.5,252.8,254.7,255.8,256.0,255.7,255.4,255.4,255.6,255.3,254.5,253.4
272.1,272.7,273.6,274.4,274.8,274.1,269.5,269.0,271.2,270.1,271.4,271.6,272.0,271.7,271.5,271.6,271.8,271.9,271.6,271.7,271.8,271.8,271.8,271.9,271.9,271.9,271.3,271.3,271.4,259.6,245.1,243.5,238.5,234.5,236.0,241.8,244.4,245.7,248.6,249.7,250.8,252.0,255.0,257.2,252.7,253.7,253.9,254.0,252.7,250.1,247.8,246.5,246.1,246.0,245.9,245.5,245.3,245.2,245.0,244.8,242.1,239.8,239.7,239.9,242.1,243.7,246.6,248.3,248.8,249.4,249.4,249.9,250.7,250.7,250.7,249.7,249.6
272.6,273.6,275.5,276.8,277.5,277.3,276.8,275.9,274.7,274.1,274.8,275.4,275.9,275.2,274.6,274.3,274.2,274.4,274.5,274.4,273.6,272.5,263.3,242.3,233.3,240.9,237.3,236.5,236.2,236.6,237.8,238.8,240.3,243.1,244.4,244.4,243.8,246.7,247.3,246.1,248.1,252.9,254.7,255.6,255.6,255.8,254.6,252.7,251.6,251.1,250.7,250.2,249.9,250.0,249.8,249.6,251.2,249.9,247.5,249.6,247.2,246.9,245.4,245.0,244.8,247.1,249.5,250.8,251.6,251.9,251.7,251.6,251.6,251.3,250.6,249.8,249.3
275.7,276.4,277.7,278.5,279.1,279.7,279.7,279.3,278.5,278.0,278.4,278.4,278.1,277.5,276.8,276.3,275.6,275.3,275.5,274.8,272.3,266.6,241.2,241.6,241.0,239.1,238.3,236.8,234.4,237.0,240.9,239.3,240.9,235.5,235.5,236.8,239.0,240.3,241.3,243.3,244.7,244.7,245.4,244.8,245.8,245.4,243.1,240.8,239.7,239.6,240.6,242.1,248.2,247.7,247.6,247.2,245.0,243.4,245.3,250.6,255.9,250.1,246.8,244.2,246.5,247.3,248.4,249.8,251.7,251.2,251.0,250.7,251.2,253.2,254.6,251.5,248.9
278.6,279.0,279.5,279.8,280.1,280.1,279.8,279.7,278.3,269.1,266.9,266.3,278.1,276.9,276.7,276.1,274.4,272.9,272.5,264.6,258.8,256.2,252.7,248.6,250.9,242.3,240.8,236.6,233.4,235.7,234.0,234.6,236.3,238.6,231.5,243.3,220.5,231.5,228.2,232.2,231.2,225.8,230.2,229.8,240.6,244.8,244.0,242.2,240.2,239.9,240.9,239.1,240.0,244.0,241.1,243.6,241.0,241.3,241.6,241.0,246.7,243.2,240.3,240.0,245.8,246.0,250.2,247.8,247.3,248.4,252.3,252.6,251.9,251.6,250.7,251.6,250.7
278.6,279.5,280.3,280.6,280.5,279.2,273.3,265.2,268.7,268.8,269.2,268.3,265.9,264.3,266.9,267.4,267.7,269.3,267.1,266.9,262.9,260.8,257.5,254.9,251.8,249.5,243.5,230.8,232.9,236.8,236.0,237.2,234.1,234.8,235.6,238.1,233.1,232.2,231.2,231.7,226.1,229.4,237.1,229.8,230.3,231.5,238.3,241.6,243.8,243.6,240.4,230.8,232.4,234.6,231.0,239.8,229.4,227.0,238.3,241.1,235.3,236.2,235.1,236.5,242.1,238.1,232.6,237.6,247.4,246.1,243.2,243.5,246.0,253.2,254.1,253.1,254.3
279.1,280.3,280.8,280.8,280.1,273.2,268.5,269.6,263.6,270.3,270.9,272.5,269.6,268.5,271.0,271.1,270.2,269.7,269.3,269.5,267.1,264.7,262.3,260.5,255.5,248.6,248.1,243.6,239.0,236.6,234.6,234.7,235.4,235.7,236.8,240.4,236.0,238.2,237.1,235.2,232.6,235.3,235.7,239.4,239.8,238.9,235.4,236.0,237.6,236.6,237.3,229.1,225.3,234.6,235.2,234.8,224.0,229.4,232.1,232.2,232.5,236.8,229.6,237.8,237.7,244.1,244.4,240.7,247.0,243.3,246.2,249.9,253.1,259.7,248.8,253.6,256.2
280.5,280.6,280.2,262.5,261.1,267.1,270.5,271.8,273.5,272.8,272.1,271.9,272.2,271.7,272.0,272.2,271.5,270.8,270.8,270.9,270.0,268.2,266.8,265.3,256.7,253.1,249.0,250.6,251.6,251.8,249.7,249.4,250.5,249.7,248.7,249.5,250.8,245.6,243.3,241.6,239.4,233.5,229.3,238.2,242.6,242.6,243.6,241.8,241.4,240.7,237.6,227.1,219.8,218.0,221.0,228.7,229.2,229.7,237.7,239.6,234.5,233.3,232.6,244.4,250.1,239.4,254.8,244.7,240.8,249.6,244.8,259.8,259.5,257.5,255.7,259.4,259.3
280.8,280.0,279.2,264.1,263.7,270.4,272.6,271.9,275.2,274.1,272.9,272.1,273.1,273.3,272.5,272.3,271.7,272.2,271.6,271.1,270.6,269.9,268.2,268.4,264.8,257.7,256.9,256.8,257.5,256.3,256.2,256.5,255.7,256.2,255.3,255.5,258.0,256.5,256.0,251.0,249.3,245.6,242.2,240.9,247.2,251.7,246.3,242.9,240.9,240.6,240.6,226.7,222.2,221.0,227.0,238.4,243.0,253.6,253.8,255.1,256.6,255.1,257.3,271.5,268.3,238.2,257.9,272.8,272.6,272.4,272.8,274.0,274.0,273.6,272.3,264.7,260.1
280.1,279.8,279.6,278.5,276.4,272.9,272.2,276.8,275.7,274.6,273.9,273.5,273.4,273.4,271.0,272.9,271.9,272.3,272.2,272.3,268.9,267.3,268.1,264.4,264.5,267.5,267.9,266.6,266.8,267.3,267.2,265.8,264.8,261.0,258.5,258.9,259.9,262.1,261.6,259.7,259.5,255.5,250.4,249.8,251.9,250.1,246.4,239.3,233.2,231.7,219.2,219.9,223.4,222.6,236.9,241.0,261.1,263.8,267.0,271.4,269.1,271.8,272.0,259.1,255.4,252.7,272.7,273.7,274.2,274.5,274.9,275.4,275.5,275.6,275.3,274.9,274.8
279.9,280.0,279.9,278.4,277.1,275.1,275.5,276.5,275.7,273.2,271.8,272.5,273.2,272.8,272.7,272.6,272.6,272.6,271.3,271.1,268.2,266.5,264.4,264.5,260.6,265.8,262.5,263.0,263.8,265.2,266.5,274.0,263.1,260.9,259.7,259.9,260.7,258.7,258.7,253.2,254.1,253.3,251.3,250.5,247.7,239.0,229.3,226.1,229.2,225.8,225.5,229.0,225.0,235.0,244.5,257.4,260.4,263.4,270.8,271.4,271.9,272.4,272.4,259.2,255.1,272.6,274.1,274.9,275.4,276.0,276.1,275.9,275.8,275.9,276.0,276.0,276.5
279.8,280.8,279.9,276.9,276.6,276.0,276.5,274.9,273.2,272.7,271.8,272.1,273.1,273.3,273.0,272.2,272.4,272.5,271.6,269.3,263.1,266.8,265.3,264.4,257.6,261.3,260.1,259.8,257.6,259.0,259.8,260.3,258.8,258.6,259.6,256.5,255.0,247.3,247.4,242.8,238.7,250.2,240.7,251.3,237.5,244.0,242.0,229.0,235.1,232.2,233.7,238.5,227.9,223.7,244.6,250.5,254.1,258.6,269.0,270.0,271.6,272.6,272.3,264.6,272.8,274.2,275.6,276.1,276.3,276.6,276.7,276.7,276.8,276.8,276.8,276.7,276.8
282.1,277.2,275.0,273.3,274.4,272.2,273.7,272.1,274.7,274.4,272.9,272.1,272.4,274.2,273.0,273.1,273.3,272.9,269.7,270.4,266.1,266.3,266.5,248.7,250.2,258.0,261.4,258.9,256.1,254.5,254.9,256.0,254.8,250.5,244.3,241.9,242.2,247.8,241.2,233.0,235.6,234.3,234.2,232.9,237.9,231.6,236.1,234.6,244.6,243.7,243.0,243.0,240.7,236.0,249.6,247.4,256.5,257.6,266.7,271.3,272.7,273.3,272.9,273.4,274.3,275.4,276.0,276.4,276.7,276.9,277.1,277.2,277.3,277.3,277.4,277.4,277.4
278.4,278.2,275.1,271.4,270.1,267.8,272.8,275.0,275.6,276.1,272.4,272.5,273.9,275.1,279.4,275.1,274.7,274.7,272.7,271.1,270.3,266.7,268.9,260.5,251.2,256.9,260.0,258.9,261.2,255.1,251.7,252.9,250.5,245.5,252.0,255.3,222.6,232.9,229.7,218.0,225.5,233.9,235.1,240.2,252.2,231.3,234.3,234.7,227.8,241.4,247.7,241.0,249.7,247.0,248.7,249.3,274.3,261.8,267.9,272.0,273.7,274.1,274.3,274.8,275.4,276.0,276.4,276.6,277.0,277.2,277.4,277.9,278.0,278.2,278.1,278.2,278.6
279.5,274.3,274.7,277.8,280.0,286.4,281.0,281.2,282.0,278.7,280.5,277.7,280.4,281.0,280.6,279.6,278.1,273.3,274.8,273.0,279.2,270.9,265.5,270.6,284.2,259.3,263.8,262.8,262.1,262.5,259.2,257.1,248.3,253.9,249.7,253.9,246.0,247.4,229.5,229.3,234.1,243.3,238.7,252.8,258.4,255.9,251.3,245.0,252.7,257.9,239.0,242.1,243.9,259.1,249.5,276.6,275.7,266.2,270.9,271.3,274.1,274.6,275.4,276.3,277.0,277.6,277.3,277.2,277.6,278.3,278.8,279.9,280.1,280.4,280.1,280.1,280.3
267.4,273.1,286.6,286.9,287.1,282.3,287.2,288.3,276.4,278.7,280.9,283.0,281.5,281.8,281.8,282.0,282.7,274.8,259.4,266.9,280.0,280.3,268.5,268.5,269.2,268.7,269.6,271.6,269.4,261.5,260.4,273.3,243.1,237.6,235.8,251.1,266.6,265.3,261.4,257.2,261.5,258.4,263.0,263.5,263.9,265.1,263.4,258.7,261.2,264.1,245.3,248.3,254.8,273.5,273.8,277.2,267.9,266.5,274.2,274.8,276.3,276.4,277.8,279.5,279.7,279.8,279.7,279.9,280.6,281.1,281.5,282.6,282.8,282.8,282.4,282.4,282.4
280.6,286.8,287.3,287.4,287.2,287.8,287.3,288.2,282.2,280.4,287.2,281.1,279.7,277.4,277.2,271.6,263.4,268.5,263.9,281.5,282.5,282.8,274.5,275.6,276.8,276.9,273.0,272.1,268.3,258.9,259.2,266.3,271.5,269.4,268.5,266.7,266.7,262.4,262.8,261.9,262.9,266.4,267.2,266.0,264.2,261.8,264.1,268.6,271.8,265.1,259.9,267.4,276.8,277.3,277.7,279.5,277.8,278.6,278.4,279.6,281.4,281.3,282.6,283.9,284.1,284.2,284.6,284.9,285.3,285.3,284.7,284.9,284.9,284.7,284.2,284.5,284.7
287.6,288.0,288.4,288.5,288.0,288.1,282.0,288.8,289.3,280.6,289.1,280.1,275.9,277.7,276.1,278.4,276.3,276.9,259.3,271.2,283.9,284.3,280.0,273.9,280.8,282.3,279.8,272.6,269.5,241.3,248.9,264.4,270.9,270.3,268.7,249.5,237.3,260.0,259.7,244.3,251.2,257.6,264.7,261.4,266.2,268.8,272.9,271.4,273.5,276.4,278.0,272.2,282.0,283.0,282.2,279.8,268.4,283.9,284.3,284.7,285.9,286.1,286.8,287.2,287.4,287.8,287.6,287.3,287.7,288.1,286.8,286.2,286.5,286.5,286.5,286.8,286.9
284.9,287.3,286.2,282.8,287.5,289.0,289.6,289.8,290.1,290.3,282.7,290.3,290.5,284.1,290.5,281.7,285.0,285.6,284.6,271.8,272.5,281.2,280.3,280.6,278.9,274.0,258.8,256.4,263.8,272.2,245.3,223.6,247.8,235.5,235.4,234.2,238.4,251.1,254.1,250.0,244.2,258.6,264.8,268.5,272.1,270.9,272.7,271.4,277.8,279.0,281.9,273.4,287.5,274.1,273.5,271.2,282.9,288.0,288.4,288.2,288.7,289.2,289.4,289.4,289.4,289.7,289.5,289.3,289.6,289.9,288.8,288.3,288.4,288.3,288.3,288.3,288.2
285.3,286.4,287.7,290.1,290.5,291.1,290.9,290.8,290.9,288.0,291.0,291.4,291.3,291.4,282.1,283.0,281.7,284.8,286.4,282.5,260.7,279.6,282.5,283.5,272.8,280.0,278.2,263.2,278.4,278.0,278.6,233.4,229.9,253.0,252.9,247.9,253.8,253.1,249.9,247.3,249.2,254.5,272.7,271.2,267.3,274.2,273.8,274.1,274.4,280.1,285.0,288.6,290.9,292.0,292.2,291.5,290.9,290.9,290.7,290.5,290.8,290.8,290.6,290.6,290.7,291.0,291.0,290.7,290.6,290.4,289.9,289.8,289.8,289.6,289.5,289.3,289.1
289.6,289.2,291.1,289.8,289.8,289.1,291.8,290.8,291.7,288.5,288.6,290.0,289.0,290.0,285.5,283.9,283.5,286.2,285.7,286.7,290.8,276.9,282.6,278.7,282.5,287.5,282.3,281.0,281.5,279.9,281.7,280.7,274.0,238.2,228.9,255.3,253.5,257.3,258.1,264.0,264.0,265.7,278.6,279.2,270.2,275.4,276.3,275.0,277.2,282.6,288.7,292.3,294.1,293.4,293.1,292.6,292.4,292.2,292.0,291.8,291.8,292.0,292.1,291.9,292.0,292.3,292.2,291.6,291.2,291.1,291.1,291.0,291.0,291.3,291.2,290.9,291.1
290.2,291.1,290.5,288.1,290.4,291.2,288.5,284.7,287.3,287.2,285.8,284.4,286.7,283.4,295.2,281.0,284.5,283.4,285.4,288.0,292.3,292.3,290.2,288.7,287.1,282.7,282.6,284.8,284.6,283.0,283.0,282.7,283.1,282.6,274.5,275.9,273.7,269.9,284.0,274.6,271.3,271.0,268.4,274.1,275.1,277.3,279.2,278.1,282.0,290.0,293.3,294.6,294.0,292.9,292.9,293.1,293.3,293.6,293.6,293.5,293.6,294.3,294.6,294.3,294.2,294.0,294.0,293.7,293.7,293.5,293.4,293.3,293.3,293.5,293.3,292.7,292.7
290.3,293.1,288.0,284.4,288.0,288.5,287.9,288.2,286.1,283.9,284.9,283.0,284.6,284.3,296.0,292.1,285.7,286.3,285.8,287.6,292.2,293.4,294.9,295.6,295.6,295.8,295.3,286.3,289.2,288.0,282.7,284.3,284.7,284.9,284.4,285.4,287.0,283.6,284.4,285.8,279.3,282.5,278.1,278.8,279.0,276.8,279.8,286.5,293.1,294.6,295.2,295.1,294.5,294.7,295.3,295.7,295.0,295.1,295.6,295.9,296.0,296.0,296.0,295.8,296.1,296.1,296.5,296.2,296.0,295.2,295.3,295.3,295.5,295.8,295.6,294.8,294.6
290.3,294.6,290.8,288.3,288.8,288.2,289.4,288.0,280.8,283.5,281.6,284.3,285.3,285.7,285.9,298.0,288.3,288.3,286.9,289.6,293.2,293.0,292.2,290.8,295.7,296.1,296.1,295.9,294.2,290.8,288.7,285.6,284.6,285.6,284.1,288.1,287.2,287.9,290.6,285.8,285.2,284.4,288.5,286.8,286.4,286.0,294.4,295.6,296.7,296.6,295.6,295.9,296.6,297.1,297.5,297.4,296.7,296.7,297.2,297.6,297.9,297.7,297.8,297.8,298.0,297.8,298.0,297.6,297.4,297.1,297.3,297.3,297.4,297.3,296.8,296.4,296.5
295.0,290.7,288.0,287.8,284.2,287.7,282.1,285.1,285.8,285.1,283.5,283.8,285.8,286.2,288.6,299.1,300.1,289.4,288.9,291.9,293.8,292.2,293.1,292.6,296.8,296.9,297.1,297.8,297.7,296.9,290.7,290.4,289.1,285.8,289.1,298.2,298.0,298.5,295.1,287.9,291.7,290.1,290.1,294.4,292.8,295.0,295.4,296.6,297.8,297.6,297.3,298.1,298.8,298.6,298.7,298.9,298.9,299.0,298.8,298.9,299.4,299.5,299.5,299.3,299.3,298.9,299.0,298.8,298.9,298.6,298.6,298.3,298.3,298.2,298.2,298.2,298.3
293.3,295.2,295.5,292.1,291.8,289.4,290.6,290.4,290.5,285.4,285.8,284.7,285.3,287.1,291.9,294.1,299.9,300.5,291.2,290.8,295.4,292.6,291.4,297.7,297.7,297.7,297.7,298.8,299.6,299.6,294.9,293.2,293.4,293.7,299.4,299.3,299.1,299.2,293.5,290.0,297.4,300.9,292.7,295.3,296.3,296.7,297.1,297.9,298.4,298.1,299.1,300.0,300.2,299.9,300.0,300.3,300.7,300.9,300.6,300.7,300.9,300.8,300.6,300.4,300.3,300.1,300.0,299.8,299.7,299.6,299.4,299.3,299.2,299.2,299.3,299.3,299.4
296.7,295.2,297.8,294.0,291.6,293.4,291.6,292.3,295.7,285.6,283.7,284.3,287.4,291.0,298.0,298.9,298.2,299.0,294.1,291.7,295.5,298.5,298.4,298.4,298.3,298.3,298.6,299.4,300.4,301.1,293.5,297.6,297.4,299.6,299.5,299.4,299.5,299.8,300.2,300.3,299.2,299.0,297.6,282.9,297.0,298.2,298.7,299.6,297.1,299.6,300.1,300.8,300.9,300.9,301.1,301.2,301.3,301.4,301.4,301.6,301.5,301.2,301.1,300.9,300.7,300.4,300.3,300.1,300.1,300.1,299.9,299.8,299.7,299.7,299.6,299.6,299.6
296.2,300.5,298.2,297.0,300.2,294.6,297.1,298.8,296.8,286.3,289.5,290.5,294.8,297.9,300.1,289.3,298.3,299.2,298.8,298.6,298.8,298.8,298.6,298.5,298.6,298.7,299.3,300.2,301.1,301.5,297.9,295.5,297.1,299.9,300.1,300.2,300.5,300.5,300.9,300.6,299.6,294.2,297.3,287.7,298.2,299.4,299.7,300.2,300.2,299.9,298.4,301.3,301.5,301.6,301.7,301.7,301.7,301.8,301.8,301.9,301.7,301.5,301.4,301.2,301.0,300.7,300.7,300.6,300.6,300.5,300.3,300.2,300.2,300.3,300.2,300.1,300.0
305.3,301.6,301.1,297.4,295.6,295.5,298.4,297.3,299.0,294.2,294.6,296.1,299.1,300.4,294.1,291.4,294.3,297.5,294.6,298.9,294.7,299.2,299.1,299.3,299.8,299.9,300.2,301.0,301.6,301.8,301.9,295.7,300.1,300.5,300.9,301.0,301.0,300.9,301.2,301.0,300.9,300.6,297.3,298.3,299.2,299.7,299.7,300.4,300.5,298.0,300.5,301.5,302.1,302.1,302.2,302.1,302.1,302.3,302.3,302.2,302.1,301.9,301.8,301.7,301.5,301.3,301.3,301.4,301.2,301.0,301.0,301.0,300.9,300.9,300.8,300.7,300.6
306.4,307.3,299.9,300.4,301.7,293.0,292.5,298.4,298.7,291.4,294.4,296.5,301.5,304.1,293.1,290.7,290.0,303.6,297.8,298.5,299.6,299.6,299.7,300.4,301.0,301.1,301.1,301.5,301.8,301.8,301.7,301.1,297.1,301.1,301.5,301.4,301.4,301.4,301.7,301.7,295.3,300.6,299.5,299.0,299.7,299.8,300.0,300.6,300.8,300.0,293.8,301.7,302.1,302.1,302.1,302.3,302.6,302.8,302.8,302.6,302.5,302.4,302.4,302.4,302.2,302.0,302.1,302.2,301.9,301.7,301.7,301.7,301.7,301.6,301.6,301.6,301.5
