esri/temps2.json
{"header": {"discipline":0,"disciplineName":"Meteorological products","gribEdition":2,"gribLength":35296,"center":7,"centerName":"US National Weather Service - NCEP(WMC)","subcenter":0,"refTime":"2014-03-08T18:00:00.000Z","significanceOfRT":1,"significanceOfRTName":"Start of forecast","productStatus":0,"productStatusName":"Operational products","productType":1,"productTypeName":"Forecast products","productDefinitionTemplate":0,"productDefinitionTemplateName":"Analysis/forecast at horizontal level/layer at a point in time","parameterCategory":0,"parameterCategoryName":"Temperature","parameterNumber":0,"parameterNumberName":"Temperature","parameterUnit":"K","genProcessType":2,"genProcessTypeName":"Forecast","forecastTime":9,"surface1Type":103,"surface1TypeName":"Specified height level above ground","surface1Value":2,"surface2Type":255,"surface2TypeName":"Missing","surface2Value":0,"gridDefinitionTemplate":0,"gridDefinitionTemplateName":"Latitude_Longitude","numberPoints":65160,"shape":6,"shapeName":"Earth spherical with radius of 6,371,229.0 m","gridUnits":"degrees","resolution":48,"winds":"true","scanMode":0,"nx":360,"ny":181,"basicAngle":0,"subDivisions":0,"lo1":0,"la1":90,"lo2":359,"la2":-90,"dx":1,"dy":1}, "data":
[rows 70 to 104 of 181, columns 156 to 233 of 360]
297.1,297.2,297.3,297.3,297.2,297,297.1,297.2,297.4,297.4,297.4,297.5,297.8,298.1,298.3,298.4,298.5,298.7,298.6,298.5,298.5,298.6,298.3,298.1,297.7,297.8,297.7,297.7,297.8,297.7,297.6,297.6,297.5,297.4,297.2,297.2,297.2,297.2,297.3,297.2,297.1,297,296.8,296.5,296.3,296.6,297,297.5,296.8,295.6,297.1,297,297.3,297.3,297.2,297,296.9,296.9,296.7,296.4,296.3,296.5,296.4,296.3,296.2,296,295.9,295.6,295.8,295.8,295.5,295.2,295.1,294.5,294.3,294,294,294
297.5,297.6,297.8,297.9,297.7,297.8,297.9,298,298.2,298.2,298.2,298.3,298.5,298.7,298.9,298.9,298.9,298.9,298.8,298.7,298.8,298.6,298.5,298.3,298.1,298,298,298,298.1,298.2,298.1,298,298.1,298.1,298.1,298.1,298,298,297.8,297.6,297.6,298,297.5,297.1,297.2,297.3,297.6,298,296.9,297.4,297.7,297.9,297.6,297.6,297.5,297.4,297.3,297,296.8,296.7,296.8,296.8,296.8,296.7,296.6,296.2,296.2,296.1,296.3,296.2,296.1,296,295.6,295.3,294.9,294.7,294.5,294.3
298.4,298.5,298.6,298.6,298.6,298.4,298.4,298.7,298.8,298.8,298.8,298.9,299.1,299.3,299.3,299.2,299.2,299.2,299.1,299,298.8,298.8,298.7,298.5,298.4,298.5,298.4,298.3,298.5,298.6,298.5,298.4,298.4,298.5,298.5,298.4,298.3,298.1,297.9,298,298.4,298.4,298.4,298.6,298.4,298,298.2,298.2,298.2,298.2,298.3,298.2,298.1,297.9,297.7,297.5,297.4,297.3,297.1,297,297.1,297.2,297.1,297.1,296.9,296.6,296.5,296.5,296.6,296.6,296.6,296.5,296.3,296,295.7,295.4,295.2,295.2
299,299.1,299.2,299.1,299.1,299,299.1,299.1,299.1,299.3,299.4,299.4,299.3,299.3,299.3,299.3,299.1,299,298.9,298.8,298.9,298.9,298.7,298.7,298.8,298.8,298.8,298.8,298.8,298.9,298.8,298.8,298.8,298.8,298.7,298.6,298.5,298.5,298.7,298.7,298.6,298.6,298.9,298.8,298.8,298.7,298.6,298.6,298.6,298.6,298.5,298.4,298.4,298.1,297.9,297.8,297.8,297.8,297.5,297.4,297.5,297.6,297.4,297.3,297.2,297,296.9,296.9,296.9,296.8,296.8,296.9,296.9,296.8,296.6,296.2,296,296
299.8,299.8,299.8,299.9,299.7,299.5,299.4,299.4,299.4,299.4,299.3,299.3,299.4,299.5,299.5,299.3,299.2,299.1,299,299,298.9,298.9,298.8,298.9,299,299,299.1,299,299,299,299.1,299,299,299,299,299,299,299,299.1,299,299,299,299,298.9,298.9,298.8,298.7,298.7,298.7,298.7,298.5,298.5,298.4,298.4,298.3,298.2,298.2,298.2,297.9,297.9,298.1,297.9,297.7,297.7,297.6,297.4,297.4,297.4,297.3,297.3,297.1,297.1,297.1,297.2,297.1,297.1,297.1,297.2
300.2,300.2,300.1,300,299.8,299.7,299.6,299.5,299.5,299.5,299.5,299.6,299.7,299.8,299.6,299.4,299.3,299.3,299.3,299.1,299,299,299.1,299.2,299.2,299.3,299.3,299.3,299.2,299.2,299.2,299.2,299.2,299.1,299.1,299.2,299.2,299.3,299.2,299.2,299.2,299.3,299.2,299.2,299,299,298.8,298.8,298.7,298.8,298.7,298.7,298.6,298.5,298.5,298.5,298.5,298.5,298.5,298.4,298.4,298.3,298,298,298,298.1,298,297.8,297.8,297.7,297.6,297.5,297.4,297.4,297.5,297.4,297.4,297.4
300.3,300.3,300.3,300,299.8,299.9,299.8,299.8,299.7,299.6,299.8,300.1,300.1,299.8,299.7,299.6,299.7,299.6,299.5,299.3,299.3,299.4,299.5,299.4,299.4,299.5,299.5,299.5,299.4,299.5,299.5,299.4,299.3,299.3,299.5,299.5,299.6,299.5,299.4,299.4,299.5,299.5,299.5,299.3,299.2,299.1,299,298.9,298.9,298.9,298.7,298.8,298.8,298.8,298.8,298.7,298.7,298.7,298.7,298.5,298.6,298.5,298.4,298.4,298.5,298.6,298.4,298.3,298.1,298.1,298.1,298,297.9,297.9,297.7,297.7,297.6,297.6
300.4,300.3,300.2,300.2,300.2,300,299.9,299.8,299.9,300.2,300.3,300.3,300.1,299.9,299.9,299.9,299.8,299.7,299.6,299.5,299.7,299.7,299.6,299.6,299.6,299.7,299.7,299.7,299.7,299.7,299.7,299.6,299.5,299.6,299.7,299.8,299.8,299.7,299.6,299.7,299.8,299.8,299.6,299.4,299.3,299.3,299.3,299.1,299.1,299,298.9,298.9,298.9,298.9,298.9,298.9,298.8,298.8,298.7,298.6,298.6,298.5,298.6,298.7,298.7,298.7,298.7,298.6,298.4,298.4,298.5,298.3,298.1,298,297.9,297.9,298,298.1
300.6,300.6,300.6,300.4,300.1,299.9,300,300.4,300.6,300.6,300.5,300.3,300.2,300.2,300.3,300.3,300,300,299.8,299.8,299.9,299.9,299.8,299.8,299.8,299.9,300,300,299.9,299.8,299.8,299.9,299.8,299.8,300.1,300.2,300.2,300,299.8,299.8,299.9,299.9,299.7,299.5,299.6,299.6,299.4,299.3,299.3,299.2,299.2,299.1,299.1,299.1,299.1,299.1,299,298.9,298.9,298.8,298.7,298.8,298.9,298.8,298.8,298.8,298.8,298.7,298.7,298.6,298.6,298.5,298.4,298.4,298.3,298.4,298.5,298.5
300.9,300.6,300.4,300.3,300.3,300.3,300.4,300.9,300.9,300.8,300.6,300.5,300.5,300.5,300.5,300.6,300.4,300.5,300.3,300.1,300.2,300.2,300.1,300,300,300,300.3,300.1,300,300,300,300.1,300.1,300.4,300.6,300.6,300.5,300.3,300.2,300.1,300.1,300,299.8,299.8,299.8,299.7,299.6,299.6,299.5,299.5,299.5,299.4,299.3,299.4,299.3,299.3,299.2,299.2,299.1,299.1,299,299,299.1,299,298.9,299,299,298.9,298.9,298.8,298.8,298.7,298.7,298.8,298.8,298.8,298.8,298.6
300.8,300.7,300.6,300.6,300.6,300.6,300.6,300.8,301,300.9,301,300.9,300.9,300.8,300.9,300.8,300.7,300.7,300.6,300.6,300.6,300.3,300.2,300.3,300.2,300.3,300.5,300.4,300.3,300.2,300.2,300.3,300.5,300.7,300.9,300.9,300.7,300.5,300.4,300.4,300.3,300.2,300.1,300.1,300,299.9,299.9,299.8,299.8,299.7,299.6,299.6,299.7,299.8,299.7,299.7,299.6,299.5,299.4,299.4,299.3,299.3,299.3,299.4,299.4,299.4,299.4,299.3,299.2,299.1,299,299,299,299.1,299.1,299,298.9,298.8
301,300.8,300.7,300.7,300.8,300.8,300.6,300.7,301,301.2,301.3,301.1,301,301,301.1,300.9,301,301,301,300.9,300.7,300.5,300.5,300.6,300.4,300.6,300.7,300.6,300.5,300.5,300.5,300.6,300.8,301,301.1,301.1,301,300.9,300.7,300.7,300.4,300.4,300.3,300.2,300.2,300.2,300.2,300.2,300,299.9,300,300,300.1,300.1,300.1,300,299.8,299.7,299.6,299.6,299.6,299.6,299.6,299.6,299.7,299.7,299.6,299.5,299.5,299.5,299.5,299.4,299.4,299.3,299.3,299.3,299.2,299.3
301.2,301,300.9,301,301.1,300.9,300.9,300.7,301.1,301.3,301.3,301.3,301.4,301.4,301.4,301.4,301.3,301.2,301.2,301.1,300.7,300.7,300.9,300.6,300.8,300.9,300.9,300.9,300.8,300.8,300.8,300.9,301.1,301.2,301.4,301.4,301.1,300.9,301,300.8,300.7,300.6,300.5,300.4,300.3,300.2,300.2,300.3,300.3,300,300,300.2,300.2,300.2,300.2,300.2,300.3,300.2,300.1,300,300,299.9,299.9,299.9,299.9,299.9,299.9,299.8,299.8,299.8,299.7,299.6,299.6,299.7,299.8,299.6,299.4,299.6
301.4,301.4,301.3,301.2,301.4,301.2,301.2,301.2,301.5,301.4,301.5,301.7,301.6,301.3,301.4,301.4,301.5,301.5,301.4,301.2,300.9,300.9,300.8,300.9,301,301.1,301.1,301.1,301,300.9,300.8,300.9,301,301.3,301.4,301.3,301,300.8,300.7,300.8,300.7,300.7,300.5,300.5,300.4,300.3,300.5,300.5,300.4,300.4,300.6,300.6,300.5,300.3,300.2,300,300,300,300.1,300.2,300.3,300.3,300.2,300,300.1,300,299.9,300,300,300,300.1,299.9,299.9,300,299.9,299.7,299.8,300
301.6,301.5,301.6,301.1,301.7,301.5,301.4,301.5,301.7,301.8,301.8,302,301.8,301.5,301.4,301.3,301.6,301.7,301.6,301.2,301.2,301.2,301.2,301.1,301.1,301.1,300.8,300.7,300.7,300.7,300.7,300.8,301,301,301.2,301.4,301.2,301,301.1,300.8,300.6,300.3,300.4,300.6,299.7,299.4,300.3,300.6,300.5,300.4,300.3,300.3,300.2,300.1,300,300.1,300.1,300.1,300.1,300,300,299.9,299.8,300.2,300.3,300,300,299.9,299.8,299.7,299.7,299.8,299.8,299.8,299.8,299.8,299.8,299.6
301.9,301.7,301.5,301.6,301.8,301.7,301.6,301.5,301.7,301.7,301.8,302.1,301.9,301.6,301.5,301.6,301.5,301.9,301.7,301.5,301.5,301.5,301.3,301.3,301.4,301.2,301.1,301,300.9,300.9,300.9,300.8,300.8,300.9,301,301.1,300.9,301.1,301.1,301,300.9,300.4,300.2,300.1,299.5,299.3,300.1,300.3,300.4,300.3,300,299.8,299.7,299.7,299.7,299.8,300.1,300.2,300.4,300.1,300.2,300.2,299.7,299.6,299.6,299.6,299.7,299.7,300,299.9,299.9,299.9,299.8,299.7,299.6,299.6,299.4,299.4
302.2,301.9,301.8,301.9,301.8,301.8,301.7,301.5,301.6,301.8,301.9,301.7,302.1,301.8,301.7,301.5,301.6,301.9,302.1,301.8,301.8,301.7,301.6,301.5,301.7,301.6,301.3,301.1,301.2,301.1,301.1,301.1,301,301.1,301.3,300.9,300.7,300.5,300.5,300.5,300.3,300,299.8,299.6,299.7,299.9,299.9,299.9,300,300,299.8,299.7,299.5,299.4,299.4,299.5,299.9,300,300,300,300,300,299.8,299.7,299.7,299.7,299.6,299.5,299.6,299.6,299.5,299.3,299.3,299.1,299.1,299,299.1,299
302,301.9,301.8,301.9,301.8,301.8,301.6,301.6,301.6,301.9,301.8,301.7,301.8,301.7,302,302.1,301.9,301.8,301.9,301.9,301.9,301.7,301.3,301.3,301.5,300,300,300.8,301,301,300.9,300.7,300.8,300.8,300.7,300.7,300.4,300.4,300.4,300.2,300.1,299.9,299.8,299.7,299.6,299.6,299.4,299.5,299.7,299.8,299.6,299.5,299.3,299.2,299.2,299.3,299.6,299.8,299.8,299.7,299.5,299.4,299.4,299.3,299.4,299.4,299.5,299.6,299.5,299.3,299.3,299.1,298.9,298.7,298.7,298.7,298.7,298.8
302,301.8,301.8,301.8,301.8,301.9,301.8,301.7,301.9,301.9,301.8,301.8,301.8,301.9,302.1,302,302.2,301.9,301.7,301.8,301.8,301.8,301.7,301.5,301.2,300.9,301,301,300.7,300.7,300.6,300.6,300.6,300.5,300.5,300.5,300.2,300.1,300.2,300,299.8,299.6,299.5,299.4,299.2,299,298.9,299,299.3,299.6,299.5,299.4,299.2,299.1,299.1,299.2,299.4,299.7,299.7,299.5,299.3,299.2,299.1,299,299,299.1,299.2,299.2,299.1,299,299,298.7,298.6,298.4,298.3,298.3,298.3,298.4
301.9,301.8,301.8,301.8,301.8,301.9,301.9,301.8,301.9,301.9,301.9,301.9,301.9,302,302.1,302,302.2,302.2,302.1,301.7,301.4,301.6,301.7,301.5,300.9,300.4,300.9,300.9,300.7,300.6,300.6,300.6,300.5,300.4,300.4,300.3,300.2,300,299.9,299.8,299.6,299.4,299.1,299.1,299,298.8,298.7,298.8,299,299.1,299.2,299.3,299,299,299,299,299.1,299.4,299.2,299.1,299,298.8,298.7,298.6,298.6,298.7,298.7,298.7,298.7,298.7,298.6,298.5,298.3,298.1,298,298,298,298
301.8,301.8,301.9,302,302,302,301.9,301.9,301.8,301.7,301.7,301.8,301.8,301.9,302,302,302.1,302.2,302.1,302,301.9,301.5,301.3,301.2,300.9,300.7,300.7,300.7,300.7,300.7,300.8,300.8,300.7,300.6,300.5,300.4,300.3,299.9,299.8,299.7,299.4,299.5,299.4,299.2,299,298.8,298.7,299,298.9,299,299.1,299,299,299.3,299.2,298.9,299,299,298.9,298.8,298.8,298.7,298.6,298.6,298.6,298.6,298.5,298.5,298.5,298.5,298.4,298.3,298.2,298.1,298,298,298,297.9
301.8,301.8,302,302.2,302.1,302,302,301.9,301.7,301.6,301.7,301.6,301.6,301.6,301.8,301.9,302,302,301.9,302,301.9,301.8,301.6,301.2,301,300.8,300.7,300.6,300.6,300.8,300.9,300.6,300.5,300.5,300.4,300.3,300.1,300,299.8,299.7,299.7,299.7,299.6,299.5,299.2,299,298.9,299.1,299.1,299.1,299.2,299.2,299.2,299.1,299.2,299.2,299.1,299,299,298.9,298.8,298.8,298.7,298.7,298.7,298.6,298.6,298.6,298.6,298.6,298.5,298.4,298.4,298.4,298.4,298.4,298.3,298.1
301.8,301.8,302.1,302.2,302.2,302.2,302.2,302.1,301.9,301.8,301.7,301.7,301.7,301.6,301.7,301.8,301.8,301.8,301.8,301.9,302,301.9,301.8,301.5,301.3,301.1,300.9,300.7,300.8,300.8,301.1,300.8,300.6,300.5,300.4,300.2,300,299.9,299.8,299.8,299.7,299.8,299.9,299.7,299.6,299.3,299.2,299.2,299.3,299.3,299.3,299.3,299.3,299.3,299.2,299.2,299.2,299.3,299.2,299.1,299.1,299.1,299.1,299,298.9,298.9,298.8,298.8,298.8,298.9,298.8,298.8,298.9,298.9,298.9,298.8,298.7,298.5
301.9,301.9,302.2,302.3,302.2,302.2,302.2,302.3,302.1,302,301.8,301.8,301.7,301.8,301.8,301.7,301.8,301.9,301.9,302,302,301.9,301.8,301.7,301.5,301.5,301.4,301.3,301.3,301.3,300.7,301.1,300.9,300.7,300.5,300.4,300.1,300,299.9,300,299.9,300,300,300,299.8,299.7,299.7,299.7,299.6,299.5,299.5,299.4,299.4,299.4,299.4,299.4,299.4,299.5,299.3,299.3,299.4,299.4,299.5,299.4,299.3,299.2,299.2,299.1,299.1,299.1,299.2,299.3,299.3,299.3,299.2,299.1,298.9,298.8
302.1,302,302.2,302.4,302.4,302.3,302.3,302,301.9,301.9,302,301.9,301.7,301.8,301.9,301.9,302,302,302,302,302,302.1,302.1,302,301.9,301.9,301.6,301.6,301.7,301.9,301.3,301.2,301.2,301.1,300.8,300.6,300.4,300.2,300.2,300.3,300.2,300.3,300.1,300,300,300,300,299.9,299.9,299.7,299.7,299.7,299.6,299.5,299.5,299.6,299.6,299.5,299.3,299.4,299.5,299.5,299.5,299.6,299.5,299.4,299.3,299.2,299.1,299.1,299.1,299.2,299.3,299.3,299.2,299,298.9,298.9
302.3,302.2,302.3,302.3,302.4,302.4,302.3,302,301.9,301.9,301.9,302,302.1,302.1,302.1,302.1,302.2,302.1,302.1,302.1,302.1,302.2,302.2,302.2,302.2,302.1,302,301.8,301.8,302,301.9,301.5,301.2,301.3,301.2,300.8,300.6,300.5,300.4,300.5,300.3,300.4,300.3,300.2,300.3,300.3,300.2,300.1,300,299.9,299.9,299.8,299.8,299.7,299.7,299.7,299.6,299.4,299.4,299.5,299.5,299.5,299.5,299.6,299.6,299.6,299.7,299.6,299.4,299.3,299.2,299.1,299.1,299.1,299.1,299,299,299
302.1,302.4,302.3,302.3,302.2,302.5,302.2,302,301.9,302,302,302,302.2,302.2,302.2,302.3,302.4,302.4,302.3,302,302.2,302.3,302.3,302.3,302.3,302.4,302.1,301.9,302,302,302.1,302,301.6,301.3,301.4,301.2,300.8,300.7,300.5,300.5,300.5,300.4,300.4,300.4,300.4,300.5,300.4,300.2,300.2,300,300.1,300,299.9,299.8,299.8,299.8,299.8,299.7,299.6,299.7,299.7,299.6,299.6,299.6,299.6,299.6,299.8,299.8,299.6,299.5,299.3,299.2,299.1,299.1,299,298.9,298.9,299
303.2,302.4,302.5,302.2,302.3,302.4,302.4,302.3,302.1,302.1,302.1,302,302.2,302.3,302.3,302.4,302.5,302.4,302.4,302.1,302.2,302.2,302.3,302.4,302.2,302.4,302.3,302.2,302,302,301.9,302.2,302,301.6,301.4,301.4,301.2,300.9,300.9,300.7,300.7,300.4,300.4,300.5,300.6,300.6,300.6,300.4,300.3,300.3,300.3,300.2,300.1,300.1,300.1,300,300,300.1,300,300.1,300,299.9,299.8,299.8,299.7,299.5,299.7,299.8,299.8,299.7,299.5,299.5,299.2,299.1,299,299,298.9,299
301.5,301.8,301.6,300.9,301.3,301.3,301.7,302.1,302.2,302.4,302,301.9,302.2,302.3,302.4,302.5,302.6,302.7,302.6,302.6,302.2,302.5,302.5,302.5,302.5,302.4,302.6,302.1,302,302.1,301.8,301.8,301.8,301.9,301.7,301.7,301.5,301.4,301.2,301.2,301,300.8,300.7,300.6,300.8,300.8,300.8,300.7,300.6,300.6,300.7,300.6,300.5,300.5,300.4,300.4,300.3,300.2,299.9,299.9,300.3,300.3,300.1,300.1,300,299.9,300,300,300,300,299.9,299.7,299.6,299.4,299.3,299.1,299,299
301,301.3,301,301.2,301.1,299.7,301.5,301.5,301.5,301.8,301.5,301.2,301.5,301.7,301.6,302.1,302,302.3,302.7,302.8,302.4,302.6,302.8,302.7,302.7,302.5,302.6,302.5,302.2,302.3,301.9,301.7,301.9,301.9,302,302.1,301.9,301.7,301.5,301.6,301.5,301.3,301.2,301.1,301,301.1,301,301.1,300.9,300.8,301,300.9,300.9,300.7,300.5,300.5,300.4,300.4,300.3,300.1,300.2,300.6,300.5,300.4,300,300.2,300.2,300.2,300.2,300.1,300,299.9,299.8,299.7,299.6,299.4,299.3,299.2
301.5,301.5,301.6,301.4,300.7,301.7,302,301.8,301.8,302.2,301.8,301,301.1,301.5,301.7,301.9,302,301.8,302.5,302.8,302.7,302.4,303,302.4,302.6,302.7,302.4,302.4,302.5,302,301.4,301.5,301.5,301.4,302.1,302.3,302.3,302.1,302,301.8,301.7,301.7,301.2,301,300.9,301.3,301.2,301.3,300.9,300.9,301.2,301.2,301.1,300.9,300.9,300.7,300.7,300.6,300.5,300.4,300.1,300.5,300.7,300.7,300.4,300,299.8,300.2,300.4,300.4,300.2,300.1,299.9,299.8,299.6,299.4,299.4,299.3
302.2,301.8,301.4,301.7,302,301.7,301.9,301.6,302,302,301.8,301.4,300.7,301.4,301.6,301.9,301.5,301.6,302.4,302.7,302.7,302.9,303,302.2,302.6,302.6,302.1,301.5,301.9,302.1,301.6,301.8,301.9,301.8,301.9,302.3,302.1,302.4,302.2,302.1,301.9,301.5,301.3,301,301.2,300.9,300.8,301.1,300.9,300.8,301,301.2,301.2,300.9,300.9,300.9,300.6,300.5,300.8,300.7,300.7,300.4,300.2,300.3,300,300.1,300.1,299.8,300,300.3,300.2,300,300,299.8,299.6,299.5,299.4,299.3
302,301.7,301.2,301.8,301.4,301.7,301.6,301.4,301.5,301.3,301.8,302.1,301.1,301.3,301.7,302.2,302.5,302.2,302.6,302.7,302.5,302.7,302.6,302.1,302.3,302.4,302,301.8,301.6,301.3,301.3,301.9,302.2,302.1,302,302.2,301.5,301.5,301.5,301.7,301.8,301.8,301.4,301,300.8,300.8,300.9,301.5,301.1,301.2,300.9,300.8,301.1,300.8,301.1,300.9,300.2,300.1,300.9,300.7,300.8,300.6,300.4,300.7,300.5,300.3,300.1,299.9,300.3,300.1,300.1,299.8,299.5,299.8,300,299.7,299.6,299.3
302,301.8,301.9,302,301.7,301.2,301.1,301.4,301.7,301.6,301.1,301.4,301.4,301.2,302.1,302.6,302.7,302.2,302.7,302.8,302.6,302.5,302.5,302,301.8,301.8,301.8,301.9,302,301.7,301.6,301.9,301.6,301.6,302.1,302.6,302.2,302.4,302.3,302.2,302.2,302.2,301.5,301.7,301.7,301.8,301.6,301.8,301.3,301.1,300.8,300.6,300.6,300.4,301,300.3,299.9,300.8,300.8,301,300.8,300.6,300.7,300.8,300.7,300.7,300.6,300.4,300.2,300.1,299.9,300,299.9,299.7,299.6,299.5,299.6,299.6
302,302,301.7,301.7,301.3,301.2,301.3,301.2,301.2,301.5,301.6,301.6,301.9,301.6,301.6,302.1,301.6,302.2,302.5,302.6,302.6,302.4,301.9,301.8,301.8,301.7,301.6,301.7,302,302,301.7,301.9,301.7,302.3,302.4,302.3,302.2,302.1,301.9,302.1,302.1,301.7,301.5,301.3,301.2,301.1,301.1,301.3,301.3,301.3,300.9,300.4,300.3,300.5,300.2,300.1,300.4,300.8,300.8,301,300.9,300.7,300.9,300.8,300.8,300.8,300.6,300.5,300.4,300.4,300.2,299.9,299.7,299.5,299.4,299.3,299.5,299.5
