esri/temps.json
{"header": {"discipline":0,"disciplineName":"Meteorological products","gribEdition":2,"gribLength":33059,"center":7,"centerName":"US National Weather Service - NCEP(WMC)","subcenter":0,"refTime":"2014-03-01T06:00:00.000Z","significanceOfRT":1,"significanceOfRTName":"Start of forecast","productStatus":0,"productStatusName":"Operational products","productType":1,"productTypeName":"Forecast products","productDefinitionTemplate":0,"productDefinitionTemplateName":"Analysis/forecast at horizontal level/layer at a point in time","parameterCategory":0,"parameterCategoryName":"Temperature","parameterNumber":0,"parameterNumberName":"Temperature","parameterUnit":"K","genProcessType":2,"genProcessTypeName":"Forecast","forecastTime":6,"surface1Type":100,"surface1TypeName":"Isobaric surface","surface1Value":100000,"surface2Type":255,"surface2TypeName":"Missing","surface2Value":0,"gridDefinitionTemplate":0,"gridDefinitionTemplateName":"Latitude_Longitude","numberPoints":65160,"shape":6,"shapeName":"Earth spherical with radius of 6,371,229.0 m","gridUnits":"degrees","resolution":48,"winds":"true","scanMode":0,"nx":360,"ny":181,"basicAngle":0,"subDivisions":0,"lo1":0,"la1":90,"lo2":359,"la2":-90,"dx":1,"dy":1}, "data":
[rows 0 to 34 of 181, columns 234 to 311 of 360]
240.7,240.7,240.7,240.7,240.7,240.7,240.7,240.7,240.7,240.7,240.7,240.7,240.7,240.7,240.7,240.7,240.7,240.7,240.7,240.7,240.7,240.7,240.7,240.7,240.7,240.7,240.7,240.7,240.7,240.7,240.7,240.7,240.7,240.7,240.7,240.7,240.7,240.7,240.7,240.7,240.7,240.7,240.7,240.7,240.7,240.7,240.7,240.7,240.7,240.7,240.7,240.7,240.7,240.7,240.7,240.7,240.7,240.7,240.7,240.7,240.7,240.7,240.7,240.7,240.7,240.7,240.7,240.7,240.7,240.7,240.7,240.7,240.7,240.7,240.7,240.7,240.7,240.7
240.8,240.8,240.7,240.7,240.7,240.7,240.7,240.7,240.7,240.7,240.7,240.7,240.7,240.7,240.7,240.7,240.6,240.6,240.6,240.6,240.6,240.6,240.6,240.6,240.6,240.5,240.5,240.5,240.5,240.5,240.5,240.5,240.4,240.4,240.4,240.4,240.4,240.3,240.3,240.3,240.3,240.3,240.2,240.2,240.2,240.2,240.2,240.2,240.2,240.1,240.1,240.1,240.1,240.1,240.1,240.1,240.1,240.1,240.1,240.1,240,240,240,240,240,240,240,240,240,240,240,240,240,240,240,240,240,240
242.2,242.2,242.2,242.2,242.2,242.2,242.2,242.2,242.2,242.2,242.2,242.1,242.1,242.1,242.1,242.1,242.1,242,242,242,242,242,241.9,241.9,241.9,241.9,241.8,241.8,241.8,241.8,241.7,241.7,241.7,241.6,241.6,241.6,241.5,241.5,241.5,241.4,241.4,241.3,241.3,241.2,241.2,241.2,241.1,241.1,241,241,240.9,240.9,240.8,240.8,240.7,240.7,240.6,240.6,240.5,240.5,240.4,240.4,240.3,240.3,240.2,240.2,240.1,240.1,240,240,239.9,239.9,239.8,239.8,239.8,239.7,239.7,239.6
246.4,246.3,246.3,246.2,246.2,246.2,246.1,246,245.9,245.8,245.7,245.6,245.5,245.4,245.3,245.2,245.1,245,244.9,244.7,244.6,244.5,244.4,244.3,244.2,244.1,244,243.8,243.7,243.6,243.5,243.4,243.3,243.2,243.1,243.1,243,242.9,242.8,242.7,242.7,242.6,242.5,242.4,242.4,242.3,242.2,242.2,242.1,242,242,241.9,241.8,241.7,241.7,241.6,241.5,241.5,241.4,241.3,241.2,241.2,241.1,241,240.9,240.9,240.8,240.7,240.7,240.6,240.5,240.4,240.4,240.3,240.2,240.2,240.1,240
250.6,250.5,250.5,250.4,250.3,250.3,250.2,250.1,250,249.9,249.8,249.6,249.5,249.3,249.1,248.9,248.7,248.5,248.2,248,247.8,247.6,247.4,247.2,247,246.9,246.7,246.5,246.3,246.1,245.9,245.8,245.6,245.4,245.1,245,244.8,244.5,244.3,244.1,243.9,243.8,243.6,243.5,243.3,243.2,243.1,243,242.9,242.8,242.7,242.6,242.5,242.4,242.3,242.2,242.1,242.1,242,241.9,241.8,241.7,241.6,241.5,241.4,241.4,241.3,241.3,241.2,241.2,241.1,241.1,241,241,240.9,240.9,240.8,240.8
251.1,251.1,251.2,251.2,251.2,251.2,251.2,251.2,251.2,251.2,251.1,251.1,251.1,251,250.9,250.8,250.7,250.5,250.3,250.1,249.9,249.7,249.4,249.2,248.9,248.6,248.4,248.1,247.9,247.7,247.4,247.1,246.9,246.7,246.4,246.1,245.9,245.6,245.3,245.1,244.8,244.6,244.3,244,243.8,243.5,243.3,243.2,243,242.9,242.9,242.8,242.7,242.6,242.5,242.4,242.3,242.2,242.1,242,241.9,241.8,241.7,241.6,241.6,241.5,241.4,241.4,241.4,241.3,241.3,241.3,241.3,241.3,241.3,241.4,241.4,241.5
251.2,251.3,251.3,251.4,251.4,251.5,251.5,251.6,251.6,251.6,251.6,251.6,251.5,251.5,251.4,251.3,251.2,251,250.9,250.7,250.5,250.3,250.1,249.9,249.6,249.4,249.1,248.8,248.6,248.3,248,247.7,247.4,247.1,246.7,246.4,246.1,245.8,245.5,245.2,244.8,244.6,244.2,243.9,243.7,243.4,243.2,243.2,243.2,243.2,243.1,243,242.9,242.8,242.6,242.4,242.3,242.2,242,241.9,241.8,241.8,241.7,241.7,241.6,241.5,241.5,241.4,241.4,241.4,241.4,241.5,241.5,241.6,241.7,241.8,241.8,241.8
250.8,250.9,251,251.2,251.3,251.4,251.6,251.7,251.8,251.8,251.8,251.7,251.6,251.5,251.4,251.2,251.1,250.9,250.8,250.6,250.4,250.2,250,249.8,249.7,249.5,249.2,248.9,248.6,248.4,248.1,247.7,247.3,247,246.9,246.6,246,245.3,244.8,244.3,244,244,244.1,244.6,245.1,245.7,245.9,245.8,245.5,245.6,245.7,245.9,246.1,246,245.9,245.6,245.4,245.4,245.3,245.2,245,244.5,243.8,242.9,242.2,241.6,241.2,241,240.9,240.9,241,241,241.1,241.2,241.2,241.2,241.1,241
250.8,250.7,250.8,250.9,251,251.1,251.2,251.3,251.3,251.3,251.2,251.2,251.3,251.3,251.2,251.2,251.2,251.2,251,250.8,250.7,250.6,250.4,250.1,249.9,249.7,249.4,249,248.4,247.8,247.5,247.2,246.6,245.7,245.2,245.3,245.8,246.2,246.5,247,248,249,250,250.9,251.9,252.6,253.2,253.7,254.2,254.6,254.9,255.1,255,254.6,254.1,253.4,252.5,251.3,250,248.7,247.4,246.4,245.6,244.8,244.3,244.3,244.1,243.4,241.4,240.9,240.7,240.8,241.1,241.9,243.1,243.1,242.5,241.6
250.9,250.7,250.7,250.7,250.8,250.9,251,251.1,251.3,251.5,251.6,251.7,251.8,251.8,251.7,251.7,251.6,251.5,251.2,251,250.8,250.6,250.2,249.8,249.7,249.6,248.7,247.6,247.6,248.8,249,248,247.8,247.6,247.2,246.7,246.1,245.1,245.4,247.3,249.8,252.3,254.2,255.2,255.5,255.2,254.7,254.2,254.2,254.4,254.9,255.6,256.4,257,256.8,255.4,253,250.3,248,246.6,246,245,244.5,245.2,246.8,247.9,246.7,246.4,246.3,246.5,246.7,246.9,246.9,247,247.1,247.2,247.1,247
250.3,250.4,250.5,250.7,250.8,251,251.2,251.5,251.6,251.8,251.9,252,252,251.9,251.9,251.8,251.5,251.2,251.1,250.9,250.6,250,249.8,249.7,249.6,249.3,248.9,248.4,248.4,250,252.9,254.9,257.8,259.1,258.8,257.3,255.3,253.4,250.8,248.3,246.1,245.3,246.4,248.4,250.9,253.4,255,256,256.6,256.9,256.9,256.6,256.1,255.2,253.7,252,250.1,248.3,247.2,246.6,246.9,247.4,246.7,246.5,247.8,250,252.6,254.8,256.1,256.7,256.8,257,257.2,257.7,258,258.1,257.8,257.1
250.8,250.9,251,251.1,251.2,251.4,251.8,251.9,251.9,251.9,251.9,251.8,251.6,251.6,251.5,251.3,251.3,251.1,250.5,250,249.9,249.7,248.6,248.1,248,248.6,250.3,249.2,247.9,249.7,251.5,251.3,252.9,254.1,255.6,255.9,255.2,254.5,253.9,253,251,248.6,246.7,247.3,249.3,252.4,254.9,256.2,256,254.2,252,250,248.2,246.7,245.7,245,244.7,244.7,244.8,245.3,246,246.7,247.4,248.1,249.4,251.6,254.7,258.2,260.9,262.4,262.8,262.3,261.4,260.4,259.5,258.8,258.2,257.5
252.2,252,252,252,252.1,252.1,252,251.9,251.8,251.6,251.3,251.3,251.3,250.9,250.4,250.6,250.9,250.8,250.5,250.3,250.1,250,250.7,252,251.9,250.6,249.5,248.5,248.4,247.8,247.6,248.3,249.8,251.6,253.1,253.9,253.8,252.7,251.2,250.1,248.1,245.6,245.8,248.6,252.6,255.8,257.7,257.8,255.8,252.9,251,250,249.3,249.6,249.4,249.8,251.4,253.2,253.9,253.4,252.4,251.6,251.9,254,257.4,261.1,263.8,265.1,264.9,264,263.1,262.5,262,261.6,261,260.4,260,259.7
253.3,253.1,252.7,252.4,252.4,252.5,252.7,252.2,250.8,250.5,251.3,251.3,250.4,250,250.2,250.3,250.1,249.9,249.9,250.1,249.8,249.7,249.9,249.8,249.7,249.6,249,248.1,247.4,246.5,246.4,246.8,248.1,249,248.7,247.7,247,247.6,247.5,248.9,249.6,249,247.3,246.1,246.5,248.2,250,251.7,253.4,252.3,252.5,254.1,256.2,258.1,259.3,258.3,256.1,254.8,255.6,257.8,260.1,261.7,262.5,262.7,262.4,262.3,262.5,263.1,263.3,263.2,262.7,262,261.3,260.8,260.7,260.8,261.2,261.6
254.1,253.7,253.2,253,253,251.9,250.6,251.1,252.9,252.3,251.6,251.2,251,249.9,249.6,250.5,248.5,247.2,247.9,248.3,247.5,247.3,247.3,248.2,250,250.5,249.1,247.3,247.2,248,248.9,249.1,249.6,249.7,246.2,245.9,249.3,250.4,250.2,250.1,250.1,251,251.8,252.6,253.8,255.4,256,255.9,254.4,253,253.1,255.1,257.8,260.1,261.7,262.4,263,263.2,263.5,264.2,264.6,264.9,265,264.6,264.6,265,265.9,266.2,267,267.1,267,266.5,266,265.5,264.5,263.3,262.8,262.7
254.9,254.4,254.2,254.3,254.2,253.8,253.2,252.9,253.5,253,252.8,254.2,254.5,253.2,251.8,250.1,248.3,248.6,249.7,248.7,248.9,248.7,248.1,249.5,250.8,251.1,250.1,249.4,250.2,251,251,248.7,246.9,247.6,247.4,245.4,246.1,246.3,245.4,245.4,248.4,253.5,258.1,259.8,258.9,257.8,257.8,256.3,254,252.9,253,254.1,255.8,257.4,258.6,259.2,259.6,259.6,259.6,259.2,258.5,258.1,258,258.1,258.4,258.5,259.1,262.3,266.1,267.6,267.6,266.6,265.7,264.8,263.9,263.3,263.3,263.8
254.5,254.7,254.3,252.8,250.2,251,253,252.5,251.4,252,253.1,252.4,251.8,252.2,251.7,250.4,249.6,249,248.8,248.5,247.8,247.8,248.2,248.8,249.5,249.3,248.9,249.1,249.8,250.1,249.2,247.5,244.8,244.2,245.1,247.1,249.1,250,251.3,252,251.5,251,251.3,251.5,252.5,253.3,253.7,253.6,252.8,252,251.7,251.9,252.3,253,253.8,254.6,255.3,255.9,256.3,256.2,256,255.6,255.4,255.4,256,256.2,257,258.4,260.2,265.5,268.9,270.1,269.1,267.2,265,263.5,262.9,263.2
254.4,254.5,253.1,251.8,251.5,250.1,250.1,251,251,251.4,250.7,249.4,249.7,249.5,248.1,248,246.6,246.9,247.7,248.8,248.7,247.9,247.4,247.2,247.3,248,247.6,247.7,249.3,249.6,249.3,246.7,245.7,246.7,247.2,249.2,249.8,248.7,249.3,250.2,252.3,251.8,252.8,253.9,255,257.3,259,257.6,255.9,254.2,253.5,252.2,251,251,251.1,251.3,251.8,252.2,252.7,253.1,253.4,253.6,253.7,254.1,254.5,255.4,256.7,259,261.4,263.7,267.1,266.7,266.4,266.1,265.5,264.5,264.2,264
253.6,252.1,252.1,250.8,250,249.6,251,251.3,249.8,249.1,248.8,248,247.1,246.1,245.1,244,243.8,247.7,248.7,249,248.3,247.4,246.5,245.9,246.2,246.4,246.6,247.2,247.9,249.1,249.4,247.7,247.1,247.8,248,249.2,249.7,248.5,249.2,251,255.1,257.7,257.9,256.8,255.8,255.7,256.5,258.4,259.8,259,256.8,254.3,252.9,251.4,250.4,250,249.7,249.9,250,250.5,250.8,251.3,251.9,252.7,253.7,255,256.9,259.5,261.9,264.9,267.9,268.5,268.3,267.1,265.7,265.4,264.3,263.1
252.7,253,252.5,249.4,251.1,250.4,249.4,250.1,249.8,249.1,248.1,246.3,245.4,245.5,244.8,245,245.5,247.4,247.1,247.1,246.8,246.1,245.6,245.2,245,245.2,245.6,246.4,247.6,248.7,248.4,246.5,245.2,246.4,246.7,247.5,249.7,251.5,252.9,253.7,254.8,255.8,255.7,255.5,255.3,255.5,255.7,255.1,253.8,252.3,251.1,250.9,252,253.4,254.2,254.6,253.2,250.3,249,248.9,249.1,249.6,250.5,251.6,253.1,255.4,258.7,262.3,265.3,266.9,266.7,266,265.6,266.1,268,267.8,267.2,267.3
253.3,251.8,252.6,254.1,253.6,251.9,249.8,249.2,249.5,248,248.2,247.2,246,245.5,245.5,246,245.9,245.8,245.5,245.1,244.3,244.6,244.9,244.6,244.6,244.4,244.3,245.4,246.9,247.6,248,247,247.8,247.8,248,247.3,247.7,249.8,253.1,256.1,257.5,256.7,255.2,254.6,254.7,255.7,255.4,255,254.4,252.8,254.1,256.9,257.7,257.2,256.3,255.4,255.2,254.9,253.5,251.8,250.5,249.5,249.3,249.8,251.5,254.9,259.2,262.4,263.9,263.9,265.1,267.8,269.1,269.5,268,267.2,267.6,266.9
247.3,246.9,247.4,250.2,253.2,254.4,252.4,249.2,248.2,247.5,247.7,247.4,247.5,246.4,245.7,245.4,244.9,244.5,244.5,245.8,246.7,245.8,243.6,244.3,247,247.3,245.3,244.2,245.2,247.2,249.6,249.7,248.3,247,246.8,249,249.3,247.7,249.1,251.9,255.4,256.8,256.8,257.9,258.9,258.3,257.3,257,257.1,257.4,257.6,257.5,257,255.7,254.9,256,257.6,258.1,257.1,253.9,251.1,249.8,249,248.6,249.4,251.9,254.8,256.5,257.6,259.2,261.6,264.7,267.9,268.1,266.9,266.4,268,268.5
244.7,244.1,244.3,245,246.9,249.3,250.3,249.5,248.1,246.7,246,246.6,246.7,246.4,246,245,245.3,247.3,248.4,246.8,245.8,246.4,246.2,245.6,246.5,247.1,247,247.5,247.5,248.2,249.8,249.9,247.7,245.6,246.2,248.7,250.3,248.6,247.7,250.3,255.5,257.1,255.8,254.1,252.9,251.5,250.7,250.5,250,249.8,251,252.7,252.5,252.1,252.8,254.2,254.9,254.7,254.5,254.4,254.2,252.7,251.2,250.4,250,250.2,252,255,256.9,257.1,259,263.3,265.8,264.7,263.9,265.6,266.8,267.1
246.7,246.1,245.8,245.3,244.9,245.5,245.1,244.4,245.3,246.4,246.8,246.2,245.6,245.6,244.9,243.3,241.5,242.8,249.5,250.5,247.4,244.4,243.7,244.1,245.1,246.1,246.6,247.2,247.4,248.4,250.6,250.4,247.4,246.1,247.3,248.8,249.3,248.5,248.1,250.9,253.1,251.5,248.8,248.1,248.4,248.5,248.1,248.1,248,247.9,247.6,247.4,247.1,247,247,248.4,250.1,250.8,252.4,257.2,261.1,260.7,257.3,254.8,253.8,253.1,252.6,253.9,256.3,257.9,260.1,264.5,266.7,263.4,262,265.5,270.8,272
245.1,245.6,246.6,247.1,248.4,248.9,247.1,244.6,242.6,242,243,243,243.5,244,243.8,243.6,242.6,241.3,241.7,245.2,247.4,246.4,244,242.7,242.9,243.9,245.3,246.1,246.5,247,248.6,249.7,247.9,246.3,248.5,251.3,251.3,249.3,249.6,252,253.6,253.1,252.3,249.7,248.2,248.5,248.7,248.6,248.5,248,247.4,246.8,246.3,244.9,244.3,245.8,246.8,247.4,248.1,249.7,252.6,255.8,257.7,257.9,256.9,255.7,255.7,255.8,256.2,257,258.8,262.7,267.5,271.1,271.9,273,273.4,273.5
244.5,245.7,245.2,245.1,244.9,246.3,246.6,244.2,242.6,239.7,241.6,243.3,243,242.3,241.8,241.8,242.6,242.8,242.2,242,243.4,245.2,245.2,243.8,242.3,242.3,243.1,244.7,245.7,246.1,248,249.7,248.7,247.8,248.9,250.8,250.8,250.7,251.9,252.8,250.7,249.5,248.9,248.1,248.6,248,247.3,247.2,247.4,247.2,247.8,248,246.2,244.7,245.5,246.1,245.2,245.4,246.6,249.1,251,252.2,253.8,254.3,252.9,251.7,252.1,253.7,255.9,257.5,258.7,260.6,263.3,265.8,266.8,266.2,269,272.7
257,246.1,243.2,243.9,243.5,243.6,244.2,244.3,242.9,242.4,241.4,243.1,243.5,242.4,242,241.8,241.4,242,242.4,242,242,243.1,244.4,244.7,243.2,241.9,241.8,243.6,245.4,245.5,248.4,250.5,249.3,249.2,250.9,251.6,251.5,252.2,252.7,250.1,248.8,249.9,251,250.6,249.1,247.8,247,246.4,246.4,246.8,247.1,246.8,246.1,246,245.6,244,243.3,245.8,247.4,248.1,249.3,253.3,254.2,253,251,249.5,249.2,249.8,251,253.3,256.6,259.4,261.4,263.7,265.7,264.4,265.8,272.2
265.8,256.7,244.7,240.5,242.1,244.9,246.5,245,242.1,241.5,243.5,243.4,242.7,241.6,242.3,243.8,244,242,241.5,241.8,242.1,242.3,242.8,244,245.4,244.4,243.6,244.2,244.5,244.8,245.5,247.9,248.9,248.3,249.8,252.3,252.9,253.2,253.6,253.2,253.9,253.8,252.2,250.4,249,247.5,246.7,246.5,246.3,245.8,245.6,245.4,244.8,244.5,244.8,245.5,246.7,246.3,246.3,248.2,248.7,248.3,248.2,246.8,246.7,247.5,248.5,249.2,251.1,254.3,257.1,259.5,261.7,263.2,265,266.2,267.3,272
259.4,258,253.1,244.9,242.4,244.5,245.9,246,243.3,243.2,243.5,244.3,244,242.9,242.2,241,240.9,240.6,240.6,240.9,241.6,242.2,242.5,242.9,244.1,244.5,245.4,245.6,245.3,245.2,245.2,246.7,248.2,249.7,252.2,253.2,253,252.9,253.7,254.6,254.1,252.4,251.1,250,248.3,246.7,246.3,246.3,245.6,243.8,242.9,242.3,242,242.6,244.4,244.6,245.2,245.4,245.1,245.4,245.8,246,247.2,247.9,248.4,249.1,249.8,250.8,253.3,255.9,258,259.9,261.8,263.5,265,266.6,267.1,267.9
254.7,255.5,251.9,245.8,245.3,245.7,244.3,243.7,245,246.5,245.8,245.3,245,243.3,241.7,239.5,239.9,240.5,241.5,241.9,242.1,242.2,242.7,242.8,243,243.3,244.1,245.1,245.6,245.9,246,245.7,247.3,250.2,251.9,252.7,253.2,253.4,253.1,253,252.6,251.3,249.3,247.4,246.5,246.1,245.9,245.5,245,243.6,242,241,240.5,240,239.5,240,241.7,242.6,242.9,244,244.9,245.7,247.1,248.5,249.3,250.1,251.7,254.1,255.9,257.5,259.1,260.8,262.7,264.3,265.5,266.5,267.7,268.3
248.8,250.1,247.8,243.6,244,243.1,242.8,244.7,245.9,244.5,245.3,245.7,245.1,242.7,241.7,239,239,239.7,240.7,242.2,242.8,243.4,244,244.3,245.8,245,244.4,245.1,245.2,245.5,245.9,246.3,247.1,248.6,250.4,252,253.1,253.8,253.7,252.4,250.3,248.2,246.8,245.8,245.3,244.9,244.4,243.6,243.5,242.1,239.8,239.4,239.2,238.7,238.7,238.5,239.7,240.8,241.9,243.1,244.3,245.4,249.4,250.4,250.5,251,252.6,255.1,257.1,258.7,260.4,262.4,264.4,265.7,266.6,267.2,267.8,268.9
255.6,253.8,248.9,245.6,245.2,244.6,244,244,243.2,244.8,250.6,252.5,248.4,244.5,242.1,240.6,240.6,240.4,239.8,239.6,240.5,241,241.9,243.4,244.7,245.2,244.9,244.5,244.8,245.4,245.9,246.1,246.7,247.5,248.4,249.3,249.9,249.8,249.3,248.3,247,246,245,244,243.2,242.3,241.3,240.4,240.4,240.4,240.1,240.2,240,239.9,240.6,239.4,240.3,242.7,243.1,243.3,245.1,246.5,246.4,249.7,250,250.2,252.8,256.3,258.3,260,262.1,264.2,265.9,267.2,267.9,268.5,268.7,269.3
259.6,258.7,257.8,250.3,246,245.3,245.6,246.3,245.1,244.1,244.9,245.2,244.9,245.3,243.3,241.1,238.9,238.9,239.7,240.5,240.7,240.6,241.6,242.9,244,243.7,244.1,244.2,243.9,244.2,245,245.6,246.1,246.3,246.8,247.1,247.1,246.7,245.9,244.9,244.2,243.5,242.4,240.9,240.2,239.7,239.4,239.9,242.1,243.3,241.6,240.1,240,241,240,239.3,239,239.6,241.7,242.3,244.2,246,246,246.9,249.7,250,252.6,257.6,260.2,261.8,264.1,266.7,268.1,268.7,269.2,269.6,269.8,270.2
257.3,256.2,254.7,252.1,246.6,244.6,245.6,247.1,246.9,244.9,245.9,247.4,247.2,245.8,244.5,242,240,239.9,239.9,240.7,241.7,241.8,241.3,241.2,242.5,243,242.4,242.3,243,242.7,242.4,242.5,242.8,242.9,242.6,242.2,241.9,241.7,241.7,241.6,241.1,240.2,239.4,239.3,239.6,239.6,240.5,243.3,244.5,243.4,240.3,239.6,240,240,239.9,239.8,239.5,240.3,242,243.5,243.7,244.3,245.8,247.2,249.6,251.7,251.8,256.2,261.7,263.7,266.2,269.3,270.3,270.4,270.7,270.8,271,271.2
255.3,253.6,251.6,249.5,247.7,245.3,244.3,243.5,244.2,244.2,244.5,244.9,245.9,245.5,244.3,241.8,239.5,238.8,239,238.8,239.7,240.7,240.6,240.2,239.5,239.2,239.4,239.5,239.6,239.4,239.4,239.9,240.1,240,239.6,239.1,238.8,238.5,238.6,238.5,238.6,238.8,239.4,240.2,241.6,242.4,244.8,245.9,243.4,242.1,240.2,240.9,241.2,241.4,241.7,241.3,240.6,241.1,243.1,244.4,244,243.9,245.8,248,248.3,253,254.1,253.5,258.7,264.8,267.5,269.7,271.3,271.7,271.8,271.8,272,272.3
