esri/temps.json
{"header": {"discipline":0,"disciplineName":"Meteorological products","gribEdition":2,"gribLength":33059,"center":7,"centerName":"US National Weather Service - NCEP(WMC)","subcenter":0,"refTime":"2014-03-01T06:00:00.000Z","significanceOfRT":1,"significanceOfRTName":"Start of forecast","productStatus":0,"productStatusName":"Operational products","productType":1,"productTypeName":"Forecast products","productDefinitionTemplate":0,"productDefinitionTemplateName":"Analysis/forecast at horizontal level/layer at a point in time","parameterCategory":0,"parameterCategoryName":"Temperature","parameterNumber":0,"parameterNumberName":"Temperature","parameterUnit":"K","genProcessType":2,"genProcessTypeName":"Forecast","forecastTime":6,"surface1Type":100,"surface1TypeName":"Isobaric surface","surface1Value":100000,"surface2Type":255,"surface2TypeName":"Missing","surface2Value":0,"gridDefinitionTemplate":0,"gridDefinitionTemplateName":"Latitude_Longitude","numberPoints":65160,"shape":6,"shapeName":"Earth spherical with radius of 6,371,229.0 m","gridUnits":"degrees","resolution":48,"winds":"true","scanMode":0,"nx":360,"ny":181,"basicAngle":0,"subDivisions":0,"lo1":0,"la1":90,"lo2":359,"la2":-90,"dx":1,"dy":1}, "data":
[rows 105 to 139 of 181, columns 234 to 311 of 360]
297.6,297.4,297.4,297.3,297.4,297.4,297,296.7,296.6,296.6,296.5,296.4,296.2,296,295.9,295.7,295.6,295.4,295.5,295.7,295.9,295.8,295.5,295.4,295.3,295.3,295.2,295.2,295.2,295,294.9,294.6,294.8,294.9,294.7,294.8,294.8,294.8,294.8,295,295.1,295.3,295.6,295.9,295.8,295.6,295.7,295.5,295.1,294.5,294.7,296.6,305,306.2,306.3,303.2,305.3,305,298.2,298.9,297.6,297.6,297.8,297.9,297.7,298.8,298.2,299.4,298.7,298.6,298.9,298.7,299.2,299,299.2,299.3,298.8,299.5
297.8,297.6,297.5,297.4,297.1,297,296.9,296.8,296.6,296.5,296.3,296.1,296,296,295.8,295.6,295.5,295.4,295.3,295.3,295.4,295.5,295.4,295.3,295,294.8,294.7,294.6,294.6,294.5,294.4,294.4,294.5,294.8,294.7,294.7,294.7,294.6,294.5,294.5,294.7,294.8,295,295.3,295.3,295.4,295.5,295.4,295.2,295,294.9,294.4,296.8,299.7,302.4,307.1,304.6,300.6,303,299.3,298.1,297.2,297.7,297.6,297.8,298.2,298.5,299,299.1,299.2,299.4,299.6,299.2,299,299.1,299.5,300.2,299.8
297.8,297.7,297.4,297.3,297.1,297.1,296.9,296.7,296.5,296.4,296.1,295.9,295.9,296,296,295.7,295.5,295.3,295.2,295.2,295.1,295.2,295.2,295,294.7,294.6,294.6,294.7,294.7,294.3,294.2,294.2,294.2,294.4,294.5,294.7,294.7,294.8,294.5,294.4,294.2,294.4,294.6,294.8,294.8,294.8,294.9,295,295,295,295,295.2,295.5,294.9,295.2,301.4,307.6,304.2,305.4,304.7,302.4,296.9,296.5,297.2,297.1,297.2,297.8,298.1,298.3,298.9,298.7,298.1,298.1,299.1,299.4,299.5,299.8,300
297.7,297.7,297.6,297.3,297.2,297.2,296.9,296.5,296.5,296.4,296.3,296,295.9,295.9,295.8,295.6,295.5,295.3,295.1,295,295.2,295,295,295,294.8,294.7,294.5,294.4,294.4,294.2,294.1,294,294.1,293.9,293.9,294.1,294.3,294.3,294.2,294.2,294.2,294,294.1,294.1,294.1,294.3,294.5,294.6,294.8,294.9,294.7,294.9,294.8,294.7,295.2,294.3,300.2,307.6,306.8,306.2,306.9,303,298.9,296.9,297.1,296.9,297.7,298,298.4,298.5,298.9,298.3,298.4,298.6,299.1,299.9,299.5,299.5
297.5,297.4,297.5,297.3,297.1,297.1,297,296.7,296.5,296.4,296.3,296,295.9,295.8,296.1,295.6,295.4,295.2,295,295,295,294.8,294.8,294.7,294.6,294.4,294.3,294.3,294.2,294.3,294.4,294.3,294.1,294.2,294.1,293.8,293.8,294,293.9,293.8,293.8,294,293.8,293.6,293.6,293.7,294,294.3,294.3,294.3,294,294.1,294.5,294.2,294.2,294.4,297.5,304.4,309.4,307.1,307.8,302.1,299.6,296.2,296.9,296.7,297.3,297.2,297.7,298.1,298.2,298.7,298.3,298.7,299,298.6,298,298.1
297.6,297.5,297.3,297.1,296.9,296.9,296.8,296.6,296.4,296.4,296.1,296,295.7,295.7,295.7,295.6,295.3,295.4,295.1,295.1,294.8,294.8,294.7,294.6,294.5,294.4,294.3,294.2,294.2,294.3,294.4,294,293.9,294,294.2,293.8,293.7,293.8,293.7,293.8,293.7,293.4,293.4,293.2,293.1,293.2,293.4,293.6,293.7,293.8,293.6,293.3,293.4,293.2,293.5,293.7,294.9,302.5,306.6,308.6,309.2,304.5,299.2,297.5,296.8,297,297.1,297.1,297.6,297.6,298.1,298.5,299,299.1,299.3,298.8,296.2,297.4
297.6,297.5,297.4,297,297,297,296.9,296.6,296.6,296.3,296.3,296,295.7,295.6,295.6,295.5,295.5,295.4,295,295.1,294.9,294.9,294.8,294.6,294.4,294.5,294.5,294.2,294.1,294,293.9,293.7,293.6,293.5,293.5,293.6,293.6,293.6,293.6,293.6,293.6,293.5,293.3,293,292.8,292.7,292.9,293,293.3,293.2,293.1,293,292.9,292.5,293.2,292.9,293.9,301.2,306.1,307.5,307.8,303.5,298.3,296.9,296.8,296.4,296.6,296.5,296.6,297.5,297.6,297.9,298.7,298.9,298.9,298.3,297.7,298
297.5,297.4,297.2,296.9,296.8,296.7,296.7,296.5,296.3,296.2,296.1,296,295.8,295.8,295.6,295.5,295.6,295.5,295.4,295.2,294.9,294.7,294.6,294.7,294.6,294.4,294.3,294,293.9,293.8,293.5,293.5,293.6,293.4,293.2,293,293.1,293.3,293.5,293.5,293.5,293.4,293.3,293.1,292.6,292.4,292.4,292.5,292.7,292.7,292.3,292.4,292.4,291.9,292.4,292.2,296,300.9,303.4,306.9,307.6,303.6,297.3,296,295.6,295.3,295,294.6,295.3,295.7,296.7,295.4,296.8,297.4,298,298.7,298.1,298.7
296.9,296.9,297,296.9,296.9,296.7,296.4,296.5,296.2,295.9,296.1,295.9,295.9,295.9,295.7,295.7,295.7,295.5,295.3,295.2,294.8,294.7,294.7,294.6,294.5,294.4,294.2,294.2,294,293.8,293.8,293.6,293.5,293.2,292.9,292.8,292.7,292.6,292.7,293.2,293.2,293.1,293,292.7,292.4,292.3,292.4,292.4,292.4,292.1,292,292.3,292.1,291.3,291.8,291.9,296.2,301.3,303.8,305.6,308.3,302.4,294.1,294.7,294.6,293.9,293.9,293.5,293.1,294.1,295.5,295.7,295.1,295.1,296.6,298.7,298.6,298.6
296.9,296.7,296.6,296.8,296.6,296.4,296.2,296.2,296.2,296,296,295.7,295.7,295.8,295.6,295.6,295.6,295.4,295.2,295.2,294.8,294.9,294.5,294.6,294.7,294.7,294.5,294.1,294,293.9,294.1,294.1,294.2,293.9,293.4,292.8,292.4,292.3,292.4,292.6,292.8,292.8,292.5,292.3,292.2,292.3,292.3,292.1,291.9,291.5,291.7,291.8,291.4,291,291.4,290.7,296.2,302.1,302.6,304.2,308,297.7,294.5,294.4,293.5,292.9,292.9,292.5,291.9,292.5,293,294.1,294.2,294.8,295,296.2,298.6,298
297.2,297.1,296.8,296.5,296.4,296.2,296,296,296.1,295.9,296,295.8,295.6,295.7,295.7,295.7,295.5,295.3,295.4,295.3,295.1,295,294.8,294.5,294.5,294.4,294.3,294.1,294.2,294.3,294.3,294.4,294,294.1,293.8,293.3,293,292.6,292.3,292.2,292.3,292.4,292.3,292.2,292.1,291.9,291.6,291.5,291.4,291.5,291.6,291.3,290.8,290.7,290.7,289.7,300.3,301.7,301.9,303.5,304.5,296.4,294.6,293.7,292.7,292.2,291.7,291.5,291.6,291.8,292.9,293,293.8,294.1,296.2,295.6,296.6,297
297.1,297.1,296.9,296.5,296.2,296,295.9,295.9,295.9,295.8,296,296,295.6,295.5,295.5,295.6,295.3,295.2,295.2,295,294.8,294.9,294.8,294.6,294.4,294.4,294.2,294.1,293.9,293.7,293.5,293.6,293.8,293.8,293.6,293,292.8,292.8,292.3,292.2,292.4,292.5,292.6,292.4,292,291.2,291.3,291.5,292,292.2,292.3,291.9,291.3,290.8,290.3,289.7,297.2,300.4,298.8,303.2,302.1,295.4,294.5,292.9,291.8,291.3,290.9,291.3,291.7,291.9,292.7,292.2,293.1,294,295.3,295.2,296.4,295.9
296.5,296.5,296.5,296.4,296.4,296.2,295.9,295.7,295.6,295.6,295.9,296,295.7,295.5,295.3,295.4,295.4,295.1,294.9,294.8,294.6,294.7,294.7,294.6,294.4,294.6,294.4,294.1,293.6,293.5,293.6,293.7,293.6,293.7,293.8,293.5,293,292.5,292.4,292.2,291.7,291.7,292.2,292.5,292.4,291.7,291.5,292,292.1,292.1,292.2,292.1,291.5,290.6,290.1,290,299.5,298.3,304.1,304,300.3,294.2,294.3,292.5,291.4,291,290.9,291.5,292.1,292.5,292.8,292.6,292.1,292.9,294.5,295.6,294.9,294.8
296.3,296.2,296.1,295.9,295.8,295.6,295.6,295.5,295.5,295.3,295.6,296.1,295.8,295.5,295.3,295.1,295.5,295.1,295.1,294.8,294.8,294.7,294.6,294.7,294.4,294.5,294.4,293.9,293.8,293.8,293.7,293.5,293.6,293.4,293,292.9,293.1,293.1,292.6,292.1,291.8,291.5,291.3,291.4,291.4,291.3,291.7,291.8,291.9,291.9,291.7,291.4,291.2,290.5,290.2,290.4,300.1,297.1,302,299,297.3,292.3,292.4,291.7,291,290.7,291,291.7,291.8,292.5,293.2,292.1,292.9,293.7,293.3,293.9,295.8,295.6
295.9,295.8,295.9,295.9,295.8,295.7,295.5,295.4,295.4,295.4,295.3,295.8,296,295.6,295.3,295.1,295.2,295,294.9,294.8,294.7,294.6,294.4,294.5,294.4,294.3,294.1,293.8,293.7,293.6,293.3,293.2,293.1,292.8,292.7,292.4,292.5,292.4,292.6,292.5,291.9,291.5,291.3,291.1,291,291,290.9,291.1,291.1,291.2,290.9,290.5,290.3,290.2,289.2,294.9,298.4,299,300,297.2,295.3,292.7,291.4,291.4,291.2,291,291,291.7,292,292.7,293.6,293.2,293.4,293.9,293.6,293.5,294.6,294
294.9,294.9,295.2,295.3,295.4,295.6,295.5,295.5,295.5,295.5,295.7,295.4,295.6,295.6,295.3,295.3,295.1,294.9,294.8,294.7,294.6,294.5,294.2,294.1,294.1,294,293.8,293.8,293.6,293.4,293,293,292.9,292.7,292.7,292.6,292.3,292,291.9,292,292,291.8,291.6,291.4,291.1,291,290.9,290.9,290.7,290.6,290.3,290.2,289.7,289.8,289,295.3,295.5,299.8,298,294.7,294.5,294,292,292,291.8,291.8,291.5,292,291.8,293.4,293.9,293,293.1,292.4,292.1,292,293.3,294.6
294.3,294.3,294.2,294.3,294.4,294.8,295.2,295.3,295.5,295.5,295.5,295.6,295.2,295.1,295.1,294.9,295,295,294.7,294.5,294.5,294.5,294.3,294.1,294.1,293.9,293.7,293.6,293.4,293.2,292.8,292.8,292.8,292.7,292.4,292.2,292.1,291.9,291.6,291.4,291.1,291.2,291.2,291.2,291.1,290.9,290.5,290.3,290.2,289.9,289.7,289.7,289.6,289.8,288.3,296.5,295,297.4,297.4,294.8,294.4,295.1,292,292.3,292.4,292.2,291.9,291.8,291.5,293,292.5,292,291.9,291.8,292.6,293.9,295,295.3
292.6,292.7,292.9,293.2,293.3,293.3,293.6,294.1,294.9,295.5,295.5,295.4,295.1,294.8,294.7,294.7,294.8,294.7,294.8,294.7,294.6,294.5,294.3,294.2,294,293.9,293.7,293.6,293.5,293,292.6,292.5,292.6,292.3,292.1,291.9,291.9,291.7,291.4,291.2,290.8,290.5,290.5,290.4,290.3,290.1,289.8,289.6,289.5,289.6,289.5,289.2,289.2,289.2,287.9,294.1,296.7,296.1,296.4,294.8,294.3,295.5,291.6,291.6,291.6,291.6,291.8,291,290.5,291.9,291.1,291.3,291.3,292.3,294,295.1,295.6,296
291.4,291.4,291.5,291.7,292,292.3,292.5,292.7,293.2,295,295.4,294.9,294.7,294.6,294.3,294.2,294.3,294.4,294.6,294.7,294.7,294.6,294.3,294.4,294.2,294,293.8,293.5,293.3,292.7,292.2,292.1,292.4,292.1,291.6,291.5,291.1,291,290.9,291.1,290.8,290.3,290,289.7,289.3,289.1,289.1,289.2,289.4,289.6,289.4,288.8,288.7,288.5,287.7,291.1,296.1,295.5,295.6,295,295.8,295.6,290.9,289.7,290.5,290.4,290.7,290.6,290.3,290.7,290.9,291.4,291.7,293.3,294.8,294.7,295.1,295.5
290.1,290,290,290.1,290.4,290.8,291,291.4,291.7,291.6,292.4,294,294.8,294.4,293.9,293.9,293.9,294,294.2,294.4,294.4,294.5,294.4,294.4,294.4,294.3,294,293.4,293.1,292.5,291.9,291.8,291.7,291.8,291.3,291,290.7,290.7,290.6,290.6,290.5,290.2,289.9,289.6,289.5,289.4,289.2,289.2,289.4,289.1,288.6,288.4,288.3,288,287.5,290.7,295.9,295.3,293.6,295,295,292,290.1,290,290.3,289.6,290.2,291.2,291.6,291.3,291.2,291.9,293.4,293.8,294.2,294.4,295,295.2
289.1,289.2,289.3,289.3,289.4,289.6,289.8,289.9,290,290.4,290.3,290.3,291.2,292.8,294.6,293.7,293.4,293.5,293.7,293.9,294,294.1,294.3,294,294,293.9,293.9,293.6,293,292.3,291.7,291.4,291,290.9,290.6,290.3,290.1,290.1,290.4,290.1,290,289.9,289.7,289.5,289.3,289.2,289.1,289.1,288.7,288.3,288.1,288.1,287.8,288,287,293.4,294.9,296.1,295.2,294.4,292.8,290.4,289.9,290.2,290,290.1,290.2,291.3,291.5,292.6,293.1,293,293.3,293.5,293.5,293.8,294,294.6
288.2,288.3,288.4,288.3,288.3,288.4,288.7,288.8,288.9,288.8,289.1,289.1,289.2,289.8,291,293.9,293.2,293.1,293.1,293.2,293.5,293.7,294.3,293.8,293.4,293.4,293.4,293.3,292.8,292.2,291.5,291,290.6,290.4,290,289.8,289.8,289.8,289.7,289.7,289.5,289.3,289.3,289,288.7,288.5,288.6,288.3,288,288.1,287.8,287.7,287.2,287.9,288.8,296,295.1,295,293.4,293.7,293.6,292,290.6,290.2,290.1,290.7,290.1,289.8,290,291.6,292.4,292.3,292.5,292.9,293,293.2,293.3,293.8
287.6,287.7,287.7,287.7,287.7,287.7,287.6,287.8,287.9,288,287.9,287.9,288,288.4,288.8,290,293.1,292.6,292.6,292.6,292.8,293.1,293.5,293.6,293.4,293,293,293.1,292.5,291.8,291.3,290.9,290.5,290.1,289.7,289.5,289.8,289.6,289,289,288.8,288.8,288.7,288.5,288.2,288,287.8,287.4,287.6,287.8,287.4,287.2,286.8,286.7,290.5,294.5,293.7,293.3,291.8,292.6,293.2,292.4,291.7,291,290.6,290.5,290.2,289.5,288.8,290.2,291.7,291.5,291.6,292.1,292.5,292.4,292.7,293
287,287,287.1,287.3,287.3,287.3,287.2,287.1,287.1,287.3,287.3,287.3,287.2,287.3,287.7,288,288.9,292,292.1,292,292.2,292.5,292.8,293.1,292.9,292.6,292.5,292.4,291.8,291.4,291,290.7,290.6,289.8,289.1,289.1,289.5,289.1,288.4,288.5,288.2,288,288,288,287.7,287.5,287.3,287.1,287.1,287.2,286.8,286.7,286.2,285.2,289.7,292.6,293.5,292.2,291.6,291.4,291.4,291.5,291.8,291.8,291.9,291.3,290.7,290.6,289.4,290.3,291,290.8,290.8,291.1,291.7,291.8,291.9,292.1
286.4,286.3,286.4,286.5,286.6,286.8,286.9,286.8,286.7,286.6,286.8,286.9,286.8,286.7,286.7,287,287.1,287.8,290.9,291.7,291.7,292.2,292.3,292.5,292.5,292.1,291.9,291.6,291.2,290.9,290.6,290.5,290.1,289.6,288.9,288.4,288.8,288.8,288.1,287.5,287.3,287.3,287.4,287.5,287.2,287,286.7,286.5,286.3,286.2,286.2,286.1,285.8,284,289.1,292,292.3,291.2,290.8,290.6,290.6,290.4,290.8,291.6,293.1,293,291.4,290.4,289.6,290.5,290,290,290,290.3,290.9,291.2,291.1,291.1
286,286,286.1,286.1,286.1,286,286,286.2,286.4,286.4,286.3,286.4,286.5,286.5,286.3,286.1,286.1,286.3,287.3,290.2,291.6,291.5,291.5,291.6,291.4,291.3,291.2,290.9,290.6,290.3,290.1,290,290,289.8,289,288.4,288.2,288.4,288.2,287.4,286.9,286.7,286.6,286.9,286.8,286.4,286.3,286.1,285.7,285.4,285.6,285.7,285,282.9,289.4,291.8,292.3,291.5,290.6,290.3,289.8,289.8,289.6,290.2,291.2,291.2,291.4,290.6,290.2,289.5,288.9,288.9,289.2,289.6,290.1,290.5,290.4,290.3
286,286.1,286.1,286.2,286.2,286.2,286.1,286,285.8,285.9,286,286,285.9,286.1,286.1,285.9,285.5,285.3,286,287.2,290,291.2,290.8,290.9,290.7,290.6,290.6,290.3,290.1,289.9,289.7,289.7,289.8,289.8,289,288.5,288.1,288.1,288.1,287.6,287,286.4,286,286.1,286.8,286.2,285.8,285.7,285.5,285.2,285,285.4,285,284,288.9,292.5,292.7,292.3,291.6,291.7,290.1,289.3,289.3,289.4,289.3,289.3,289.5,289.7,289.5,288.8,288.3,288.2,288.5,289,289.7,290,289.9,289.4
285.5,285.5,285.6,285.7,285.8,285.9,285.9,286,285.9,285.7,285.6,285.5,285.6,285.6,285.7,285.7,285.5,285.1,284.8,285.6,287.1,289.9,290.3,290.2,290.1,290,289.9,289.8,289.6,289.5,289.4,289.4,289.3,289.5,289.3,288.4,288,287.7,287.5,287.5,287.3,286.6,285.8,285.4,285.6,285.9,285.6,285.4,285.1,284.9,284.8,285.2,284.7,285,288.5,290.9,292.7,291.3,291.5,292.3,289.8,288.6,288.2,288.1,287.9,287.6,287.4,287.4,287.8,288.1,288.1,288.1,288.2,288.7,289.2,289.5,289.4,289
284.6,284.5,284.3,284.2,284.4,284.3,284.3,284.6,284.8,284.9,285.2,285.2,285.2,285.3,285.3,285.3,285.3,285.2,284.5,284.3,285.1,287,289.6,289.5,289.5,289.4,289.4,289.3,289.3,289.1,289,289,288.8,288.9,288.9,288.2,287.7,287.3,287.6,287.3,287.3,286.8,286,285.2,285,285.3,285.7,285.1,284.8,284.7,284.7,284.9,284.9,286,288.1,289.4,291.7,292.9,291.9,290.4,289.3,288.3,287.9,287.3,286.9,286.6,286.4,286.2,286.1,286.6,287.6,288.3,288.5,288.5,289.1,289.3,289.2,288.9
283.9,283.6,283.3,283.3,283.3,283.4,283.6,283.9,284,284.1,284.3,284.4,284.6,284.9,285,284.7,284.7,284.8,284.6,283.7,283.7,284.8,287.3,288.9,288.7,288.9,288.8,288.8,288.8,288.8,288.5,288.4,288.4,288.2,288.3,287.8,287.3,286.9,287.3,286.9,286.4,286.4,286.2,285.3,284.6,284.5,284.8,284.7,284.4,284.4,284.2,284.6,284.4,284.6,285.2,286.2,288.1,290.8,290.3,288.9,288.8,288,287.3,286.6,286.2,285.7,285.3,285.2,285.3,285.5,285.8,286.9,288.3,289,288.8,288.9,288.9,288.6
283.1,282.7,282.7,282.7,282.8,283,283.1,282.9,282.8,283,283.3,283.5,284,284.2,284.5,284.3,284.2,284.2,284.2,283.5,282.5,283.2,284.4,287.3,288.1,288.1,288.2,288,288.1,288,287.9,287.8,287.7,287.5,287.9,287.4,286.9,286.9,286.7,286,285.7,285.6,285.6,285.2,284.6,284.1,284.1,284.2,284.1,283.9,283.9,284,283.1,282.4,282.3,284.8,286.9,289.8,290.3,289.6,289.2,288.2,287,285.8,285.2,284.9,284.7,284.3,284.3,284.6,285,285.5,286.1,287.2,288.4,288.6,288.5,288.6
282.2,282.2,282.3,282.3,282.3,282.3,282.1,282,282.3,282.6,282.9,283.1,283.5,283.9,284.2,284,283.8,283.7,283.6,283.4,282.2,281.7,282.6,284.1,287.2,287.7,287.5,287.4,287.3,287.2,287.1,287,286.9,286.9,287.3,286.9,286.5,286.5,286.5,285.9,285.5,285.4,285.2,285,284.6,284.2,283.7,283.7,283.7,283.6,283.6,283.1,281.9,281,281.8,284.1,286.5,288.4,290.5,291,289.3,288.3,287.2,285.8,284.9,284.5,284.4,283.7,283.1,283.3,284,284.6,285,285.4,286.1,287.2,288,288
281.7,281.7,281.7,281.9,281.7,281.5,281.6,281.7,281.9,282.4,283.1,283.5,283.7,283.5,283.6,283.7,283.1,283.3,283.1,283.1,282.6,281.3,281.2,282.2,284.1,286.6,286.8,286.7,286.6,286.6,286.6,286.4,286.3,286.3,286.4,286.3,286.1,286,286.2,286.1,285.9,285.7,285.5,285.1,284.7,284.2,283.9,283.6,283.5,283.4,283.6,282.9,284.4,285.3,284.4,287.9,288.5,289.9,291.2,290.1,289.1,288.3,287.3,286.2,285.1,284.3,284,283.2,282.3,282.3,282.6,282.9,283.4,284.2,285,285.6,286.3,287.1
281.1,281.3,281.2,281.2,281.1,281.1,281.4,281.7,281.9,282.6,282.8,282.4,282.3,282.6,283,283.3,283.1,283.1,282.8,282.6,282.8,282.2,281,281,281.9,283.7,285.9,286,285.9,285.9,285.8,285.7,285.7,285.8,285.8,286,285.9,285.5,285.5,285.3,285.3,285.2,285.1,285,284.7,284.3,283.8,283.7,283.6,283.4,283.3,282.6,282.4,282.6,282.6,284.4,285.4,288.5,290.7,290.2,288.9,287.8,287.3,286.5,285.5,284.5,283.8,283,282.2,281.8,281.6,281.7,281.9,282.1,282.8,284,284.8,285.1
280.8,281,280.9,280.8,280.7,280.9,281.1,281.4,281.6,281.9,281.8,282,282.2,282.4,282.4,282.2,282.3,282.3,282.4,282.3,282.2,282.5,282.3,281.2,281,281.2,282.2,284.1,285.1,285.2,285.1,285,284.9,284.8,284.9,285.1,285.3,285.5,285.8,285.8,285.6,285.4,284.9,284.5,284.2,284.1,283.7,283.5,283.6,283.6,283.5,281.6,283.1,283.4,283.3,286.4,287.9,288.5,288.8,288.7,287.6,287.2,286.9,286.3,285.7,284.8,283.9,283.2,282.2,281.4,281.1,280.9,280.8,280.8,281.1,282.2,283,283.6
