esri/temps2.json
{"header": {"discipline":0,"disciplineName":"Meteorological products","gribEdition":2,"gribLength":35296,"center":7,"centerName":"US National Weather Service - NCEP(WMC)","subcenter":0,"refTime":"2014-03-08T18:00:00.000Z","significanceOfRT":1,"significanceOfRTName":"Start of forecast","productStatus":0,"productStatusName":"Operational products","productType":1,"productTypeName":"Forecast products","productDefinitionTemplate":0,"productDefinitionTemplateName":"Analysis/forecast at horizontal level/layer at a point in time","parameterCategory":0,"parameterCategoryName":"Temperature","parameterNumber":0,"parameterNumberName":"Temperature","parameterUnit":"K","genProcessType":2,"genProcessTypeName":"Forecast","forecastTime":9,"surface1Type":103,"surface1TypeName":"Specified height level above ground","surface1Value":2,"surface2Type":255,"surface2TypeName":"Missing","surface2Value":0,"gridDefinitionTemplate":0,"gridDefinitionTemplateName":"Latitude_Longitude","numberPoints":65160,"shape":6,"shapeName":"Earth spherical with radius of 6,371,229.0 m","gridUnits":"degrees","resolution":48,"winds":"true","scanMode":0,"nx":360,"ny":181,"basicAngle":0,"subDivisions":0,"lo1":0,"la1":90,"lo2":359,"la2":-90,"dx":1,"dy":1}, "data":
[rows 35 to 69 of 181, columns 156 to 233 of 360]
270.3,267.4,264,267.1,264.9,263.3,269.1,272.5,272.5,272.8,272.5,272.8,273.1,273.1,273.2,273.2,273.3,273.3,273.3,273.3,273.2,273.1,273.2,273.5,273.7,274,275,275.8,275.3,275,274.7,274.4,274.4,274.3,274,273.7,273.5,273.4,273.4,273.5,272.6,273.3,273.7,274.6,274.4,274.5,274.9,275.3,275.8,276.2,276.4,276.5,276.5,276.7,276.8,276.6,276.4,276.8,277.4,277.8,278.3,278.7,278.9,279,279.1,279.1,279.2,279.3,279.3,279.3,279.6,279,278.4,277,274.2,273.2,273,272.3
270.3,265.6,262.5,264.5,269.5,271.5,272.4,273,273,273.2,273.2,273.3,273.3,273.3,273.3,273.3,273.3,273.3,273.2,273,273.1,273.5,273.8,273.9,274,274.2,274.5,275,275.1,275,275.1,275.3,275.3,275.2,275.2,274.9,274.9,273.8,274.4,274.7,274.9,274.5,274.6,275,275.6,276.1,276.3,276.3,276.3,276.5,276.8,277,277.1,277.2,277.2,277,277.1,277.6,277.8,278,278.8,279.2,279.3,279.6,279.7,279.5,279.5,279.5,279.6,279.7,279.8,279.4,280,279.8,275.6,273.5,272.9,273.9
270.8,269.5,267.7,270.3,270.7,272.6,273.2,273.4,273.6,273.4,273.3,273.4,273.3,273.2,273.2,273,272.9,272.3,272.6,272.4,272.2,272.3,272.7,273.6,274.1,274.1,274.2,274.2,274.6,275,274.8,275.1,275.8,275.8,275.8,275.7,275.7,275.7,275.5,275.8,276.2,276.7,277,277.1,277,276.7,276.6,276.7,276.8,276.9,277.1,277.3,277.4,277.4,277.5,277.7,277.9,278.1,278.7,279.3,279.7,279.7,279.8,280,280,280,280.2,280.1,280.1,280.1,280.1,280.3,278.6,280.7,280.6,277,273.4,273.2
271,270.6,268.8,271.1,272.5,273.1,273.4,273.6,273.8,273.8,273.8,273.7,273.6,273.6,273.5,273.5,273.2,273,272.7,272.4,272.1,272.1,272.5,273.5,274.3,274.3,274.4,274.2,274.4,274.9,274.6,274.8,275.5,276.3,276.2,275.9,275.8,275.9,275.9,276,275.9,275.9,276,276.2,276.7,277.1,277.1,276.9,277.2,277.5,278,278.2,278.2,278.5,278.9,279,279.2,279.6,279.9,280.1,280.1,280.1,280.1,280.3,280.4,280.4,280.5,280.6,280.6,280.5,280.5,280.6,280.9,280.9,280.9,280.7,278.5,273.5
271.4,271.2,271.4,272.5,273.3,273.6,273.9,273.9,273.8,273.8,273.6,273.6,273.8,273.8,273.8,273.7,273.7,273.7,273.6,273.5,273.3,273.1,273.1,273.7,274.5,275.1,275.6,275.4,275.2,275.2,275.1,275.2,275.8,276.6,276.6,276.4,276.2,276.1,276,275.9,275.9,276,276.1,276.2,276.3,276.6,277.1,277.5,277.9,278.2,278.4,278.6,278.7,278.9,279.2,279.5,279.7,280,280.3,280.4,280.4,280.5,280.6,280.7,280.9,280.9,280.9,281,281.1,281,281,281,281,281.4,281.5,281.2,279.9,277.5
272,272.5,272.8,273.3,273.7,273.8,273.8,273.7,273.6,273.5,273.4,273.4,273.9,273.9,273.8,273.8,273.5,273.3,273.4,274.2,274.1,273.8,273.7,273.7,274.2,274.8,274.6,274.4,274.7,275,275.2,275.4,275.6,275.7,275.7,275.6,275.7,275.8,275.9,275.9,276,276.1,276.2,276.4,276.5,276.6,276.8,277.1,277.5,277.9,278.2,278.7,279.1,279.4,279.6,280,280.3,280.5,280.6,280.8,280.9,281,281.1,281.3,281.3,281.3,281.3,281.4,281.5,281.5,281.4,281.3,281.3,281.6,281.8,281.7,281.5,277.7
273,272.9,273,273,272.8,272.7,272.8,272.9,273,273.2,273.5,273.9,274.4,274.9,275.2,275.4,275.2,275,274.9,274.5,274.8,274.6,274.3,274.2,274.2,274.2,274.2,274.3,274.4,274.5,274.6,274.7,274.7,274.8,275,275.4,275.8,276.1,276.3,276.4,276.5,276.6,276.7,276.8,276.9,277.1,277.2,277.3,277.5,277.7,278,278.5,278.8,279.3,279.9,280.1,280.5,281,281.3,281.5,281.5,281.5,281.6,281.7,281.8,281.8,281.9,281.9,281.9,281.9,281.8,281.8,281.8,281.8,282,282.2,282.5,282.3
272.2,272.4,272.3,272.2,272.4,272.5,272.7,272.9,273.1,273.3,273.5,273.7,274,274.2,274.4,274.7,274.9,275,275,275.1,274.8,275.1,274.6,274.5,274.4,274.3,274.2,274.5,274.8,275,275.3,275.4,275.7,276,276.4,276.8,277.2,277.3,277.3,277.2,277.3,277.5,277.6,277.6,277.7,277.8,277.9,278.1,278.3,278.2,278.3,278.6,279,279.5,280.1,280.5,280.8,281,281.5,281.9,282.1,282.1,282.3,282.4,282.4,282.5,282.6,282.5,282.5,282.4,282.3,282.2,282.2,282.4,282.5,282.7,282.8,282.8
272.3,272.3,272.5,272.6,272.7,272.9,273.2,273.4,273.7,274,274.1,274.2,274.3,274.4,274.5,275,275.2,275.2,275.2,275.4,275.2,275.4,275.9,275.2,275,275,275.4,276,276.6,277,277.3,277.5,277.8,278.1,278.3,278.5,278.6,278.7,278.8,278.8,278.5,278,278,278.3,278.5,278.7,278.9,279,279.1,279.1,279.1,279.1,279.5,280.1,280.5,280.8,281,281.2,281.5,282,282.6,282.7,282.9,283,283,283.1,283.1,283,283,282.9,282.8,282.8,282.8,282.9,283.1,283.2,283.3,283.5
272.5,272.9,273.1,273.1,273,273.2,273.5,273.7,273.9,274.1,274.3,274.4,274.3,274.2,274,274,274.9,275.6,275.6,275.6,275.7,275.5,275.8,276.8,276.9,277.1,277.2,277.3,277.3,277.4,277.4,277.6,277.8,278,278.3,278.6,278.8,279,279.2,279.4,279.6,279.6,279.5,279.2,279.3,279.5,279.9,280.1,280.1,280.1,280,280.1,280.4,280.9,281.2,281.5,281.6,281.7,281.8,282.3,282.8,283.1,283.3,283.5,283.5,283.5,283.5,283.6,283.5,283.5,283.5,283.5,283.5,283.6,283.7,283.8,283.9,283.9
272.6,272.9,273.3,273.4,273.4,273.4,273.7,273.6,274.4,274.5,274.5,274.6,274.7,275,275.8,276.6,275.8,275.8,275.9,276,276.1,276,276,276.2,277,276.5,276.6,277.8,280.1,280.6,280.9,280.8,280.4,279.9,279.7,279.6,279.6,279.7,279.8,280,280.1,280.3,280.6,280.8,280.9,280.6,280.6,280.8,280.9,281,281,281.1,281.4,281.5,281.5,281.9,282.1,282.3,282.4,282.8,283.1,283.5,283.8,283.9,283.9,284,284.1,284.2,284.1,284.1,284.1,284.1,284.2,284.2,284.3,284.3,284.3,284.1
272.9,273,273.3,273.7,274,273.5,273.9,273.2,273,274.2,274.7,275.3,275.7,276.3,276.7,276.8,276.4,276.3,276.4,276.5,276.7,276.7,276.6,276.6,277.1,277.1,276.9,280.9,282,282.1,282.2,282.2,282.2,282.1,281.7,281.1,280.8,280.7,280.7,280.5,280.6,280.9,281.3,281.5,281.8,282.1,282.1,281.9,281.7,281.8,281.9,282.1,282.3,282.3,282.4,282.5,282.7,282.9,283.1,283.3,283.7,284,284.2,284.2,284.3,284.6,284.5,284.6,284.7,284.8,284.9,284.9,284.9,284.8,284.7,284.7,284.6,284.5
273.5,273.6,273.7,274,274.3,274.7,275.2,275.4,274.3,274.2,275.4,276.2,276.3,276.4,277,277.3,277.1,277,277.1,277.3,277.4,277.5,277.6,277.4,277.8,277.8,278.5,282,282.7,283,283.1,283.2,283.1,282.9,282.8,282.7,282.6,282.4,282.3,282.1,282,281.9,282,282.3,282.4,282.7,282.9,283,282.7,282.6,282.7,282.7,282.9,282.9,282.9,283,283.2,283.5,283.6,283.8,284.3,284.4,284.5,284.7,284.8,285,285.2,285.4,285.5,285.6,285.6,285.6,285.5,285.3,285.2,285.1,285,285.1
274,274.4,274.5,274.8,275.1,275.5,275.7,276,276.3,276.8,277.5,278,277.6,277.4,278.1,278,277.8,277.9,278,278.1,278.3,278.5,278.4,278.3,278.7,278.7,280.2,282.5,283.2,283.7,283.9,283.9,283.8,283.7,283.7,283.6,283.5,283.5,283.5,283.5,283.4,283.3,283.2,283.2,283.3,283.4,283.6,283.7,283.4,283.3,283.4,283.3,283.4,283.5,283.5,283.6,283.7,283.7,284.1,284.3,284.6,284.8,284.9,285.3,285.7,285.8,285.9,286,286.2,286.2,286.3,286.3,286.2,285.9,285.8,285.6,285.6,285.8
275.5,275.4,275.8,275.9,276.3,276.7,276.9,277.3,277.8,278.1,278.1,278.4,278.4,278.3,278.9,278.5,278.5,278.8,279,279,279.1,279,279.1,279.5,279.6,279.8,281.6,283.4,283.9,284.3,284.5,284.5,284.5,284.4,284.4,284.3,284.3,284.4,284.3,284.3,284.2,284.1,284.2,284.2,284.2,284.2,284.3,284.2,284,284,283.8,283.8,283.9,284.1,284,284,284.2,284.3,284.6,284.8,285.1,285.2,285.5,286,286.2,286.3,286.5,286.6,286.7,286.9,286.9,286.9,286.8,286.6,286.4,286.2,286.3,286.2
277.2,277,277.2,277.4,277.5,277.7,278,278.5,278.9,279.1,279.8,280.5,280.6,280,279.7,279.6,279.7,279.9,279.6,279.6,280.1,280.1,280.3,280.6,280.8,281.6,283.2,284.1,284.6,285.1,285.2,285.2,285.1,285.1,285.1,285.1,285.1,285.1,285,284.9,284.9,284.8,284.7,284.8,284.8,284.7,284.6,284.6,284.5,284.5,284.4,284.3,284.4,284.4,284.5,284.4,284.6,284.8,284.9,285.3,285.6,285.8,286.1,286.4,286.8,287.1,287.2,287.2,287.3,287.4,287.4,287.4,287.2,287.1,286.9,287,287,286.6
279.2,279.2,278.8,279.1,279.3,279.7,280.2,280.4,280.6,281,281.1,281.2,281.8,282.2,281.6,280.8,281,281.4,281.6,281.5,281.3,281.5,281.6,281.8,282.4,283.4,284.4,284.9,285.5,285.9,285.9,285.9,285.9,285.9,285.8,285.8,285.7,285.7,285.6,285.6,285.5,285.4,285.3,285.3,285.2,285.1,285.1,285,285,285,285,284.8,284.9,285,285,284.8,285,285.3,285.6,285.7,286.1,286.5,286.7,287,287.2,287.6,287.8,287.9,287.8,287.8,287.9,287.9,287.6,287.5,287.5,287.7,287.4,287.1
280.5,280.8,280.8,280.4,280.6,280.9,281.2,281.7,282.1,282.1,282.2,282.3,282.3,282.7,283.2,283.4,282.9,283,283.3,282.9,283,283.3,283.4,283.5,284,284.8,285.4,285.7,286.3,286.6,286.5,286.5,286.6,286.5,286.5,286.4,286.3,286.2,286.2,286.1,285.9,285.8,285.8,285.7,285.7,285.6,285.5,285.5,285.5,285.5,285.5,285.4,285.5,285.6,285.8,285.7,285.6,285.9,286,286.3,286.7,286.8,287.1,287.4,287.9,288.2,288.4,288.4,288.3,288.2,288.3,288.2,288.1,288,288.1,288,287.8,287.5
282.3,282.4,282.3,282.5,282.6,282.8,283,283.3,283.5,284,284,283.7,283.3,283.5,284,284.6,285,285.3,285.7,285.4,284.5,284.4,284.5,284.9,285.5,285.8,286.1,286.7,287.3,287.2,287.1,287.1,287.2,287.1,287,286.9,286.8,286.7,286.6,286.5,286.4,286.2,286.2,286.1,286.1,286,286,286,286,286.1,286,286,286,286.1,286.2,286.2,286.3,286.4,286.6,286.9,287.1,287.3,287.6,288.1,288.4,288.7,288.8,288.8,288.8,288.7,288.7,288.6,288.5,288.5,288.5,288.4,288.2,287.9
283.5,283.7,283.6,283.7,284,284.2,284.7,284.9,285,284.9,284.7,285,284.8,285,285,285.3,285.7,286.1,286.2,286.2,286,285.9,285.7,286,286.3,286.7,286.9,287.8,287.7,287.7,287.7,287.6,287.6,287.5,287.4,287.3,287.1,287.1,287,286.9,286.7,286.6,286.5,286.5,286.5,286.4,286.4,286.5,286.6,286.5,286.5,286.5,286.6,286.8,286.8,286.9,286.9,287,287.2,287.4,287.7,288,288.3,288.6,288.9,289.1,289.2,289.3,289.2,289.1,289.1,289,289,288.9,288.8,288.6,288.5,288.3
284.5,284.8,285,285.2,285.3,285.5,285.6,286,286.3,286.2,286.2,286,286,286.6,286.7,286.6,286.5,286.7,286.9,286.9,286.9,286.9,286.9,287,287.4,287.3,288.3,288.3,288.3,288.2,288.1,288,287.9,287.8,287.7,287.6,287.5,287.4,287.3,287.3,287.1,286.9,286.9,286.8,286.8,286.8,286.9,287,287,287,287,287.1,287.2,287.3,287.3,287.3,287.4,287.6,287.8,288,288.3,288.6,288.9,289.1,289.3,289.5,289.7,289.8,289.6,289.6,289.5,289.4,289.5,289.4,289.1,289,288.9,288.6
285.2,285.4,285.7,285.9,286.3,286.7,287.1,287.2,287.3,287.4,287.6,287.3,287.2,287.2,287,287,287.1,287.3,287.4,287.5,287.6,287.6,287.7,288,288,288.7,289,288.8,288.6,288.5,288.4,288.3,288.2,288.1,288,287.9,287.8,287.8,287.7,287.6,287.5,287.3,287.2,287.2,287.2,287.2,287.2,287.3,287.3,287.4,287.4,287.5,287.6,287.7,287.8,287.9,288,288.2,288.5,288.8,289.1,289.3,289.5,289.6,289.8,290,290.2,290.1,290.1,290.1,289.9,290.1,290.1,289.8,289.5,289.3,289.2,288.9
285.9,286.2,286.6,287,287.4,287.4,287.3,287.5,287.5,287.6,287.9,288,287.7,287.5,287.5,287.5,287.7,287.8,288,288.1,288.2,288.3,288.4,288.6,289.1,289.8,289.5,289.1,289,288.8,288.6,288.6,288.6,288.6,288.5,288.3,288.2,288.2,288.1,287.9,287.8,287.6,287.6,287.5,287.4,287.4,287.5,287.6,287.6,287.6,287.7,287.8,287.9,288.1,288.4,288.5,288.6,288.8,289,289.3,289.6,289.8,289.9,290,290.3,290.7,290.6,290.6,290.6,290.5,290.6,290.7,290.5,290.2,289.9,289.7,289.5,289
286.7,287,287.2,287.5,287.7,287.9,288.2,288.4,288.4,288.3,288.4,288.1,287.9,287.9,287.9,288,288.1,288.4,288.5,288.6,288.7,288.9,289.2,289.5,290.6,290.4,290.2,289.8,289.5,289.3,289,289,289.1,289.2,289,288.9,288.7,288.6,288.4,288.3,288.1,288,288,287.9,287.8,287.8,287.8,287.8,287.9,287.9,287.9,288,288.2,288.4,288.8,289.1,289.2,289.5,289.7,290,290.2,290.2,290.4,290.8,291.1,291.2,291.2,291.1,291.1,291.3,291.2,291,290.9,290.5,290.3,290,289.7,289.2
288.3,288.4,288.6,288.6,288.9,288.8,288.7,288.7,288.7,288.7,288.6,288.3,288.2,288.3,288.4,288.5,288.6,288.8,288.9,289.1,289.3,289.7,290.1,291.2,291.3,291.2,290.9,290.6,290.2,289.8,289.5,289.5,289.6,289.6,289.7,289.4,289.2,289,288.8,288.6,288.4,288.3,288.3,288.3,288.3,288.3,288.2,288.2,288.1,288.2,288.3,288.5,288.7,289,289.3,289.5,289.9,290.2,290.3,290.4,290.6,290.8,291.2,291.4,291.5,291.6,291.6,291.6,291.8,291.7,291.6,291.3,291.2,290.8,290.6,290.3,290,289.6
288.8,289,289,289.2,289.1,289,288.8,288.7,288.9,288.8,288.8,288.6,288.7,288.9,289.1,289.2,289.3,289.4,289.5,289.8,290.2,290.7,291.6,291.9,292.1,292.1,291.8,291.4,291,290.6,290.4,290.3,290.3,290.4,290.5,290.2,289.9,289.6,289.3,289.1,289,288.9,288.9,288.9,288.9,289,289,288.9,288.9,288.9,289,289.1,289.4,289.7,290,290.1,290.4,290.6,290.8,291,291.3,291.6,291.7,291.8,292.1,292,292,292.3,292.2,292.2,291.8,291.7,291.5,291.1,290.8,290.6,290.2,290
289.3,289.5,289.5,289.2,289.2,289.1,289.1,289,289.2,289.3,289.3,289.3,289.5,289.7,289.8,289.9,290,290.2,290.5,290.9,291.5,292.2,292.7,293,293.3,293,292.7,292.4,291.9,291.4,291.2,291.1,291.1,291,291.2,291,290.6,290.3,290,289.8,289.7,289.7,289.7,289.7,289.7,289.7,289.8,289.7,289.7,289.7,289.7,289.8,290.1,290.3,290.4,290.6,290.8,291.2,291.5,291.8,292,292.2,292.3,292.6,292.6,292.5,292.7,292.7,292.6,292.4,292.1,292,291.7,291.2,291.1,290.8,290.6,290.4
289.7,290,289.8,289.6,289.5,289.5,289.6,289.7,289.9,289.9,290,290.1,290.3,290.4,290.6,290.7,291,291.3,291.7,292.3,293,293.8,293.8,294.1,294.3,293.9,293.6,293.2,292.8,292.3,292,291.8,291.7,291.7,291.8,291.7,291.5,291.1,290.6,290.5,290.5,290.4,290.5,290.5,290.5,290.5,290.6,290.6,290.4,290.4,290.4,290.6,290.7,290.9,291,291.3,291.6,291.9,292.2,292.3,292.6,292.9,293.1,293.2,293.2,293.4,293.2,293,293,292.7,292.5,292.2,291.7,291.3,291.3,291.1,291,290.8
290.9,291.2,290.9,290.5,290.4,290.3,290.4,290.5,290.6,290.7,290.9,290.9,291,291.3,291.5,291.7,292,292.5,293.1,293.7,294.6,294.8,294.8,295.1,295.1,294.5,294.5,294.2,293.7,293.4,293,292.6,292.4,292.4,292.4,292.4,292.3,291.8,291.5,291.3,291.2,291.2,291.2,291.2,291.2,291.3,291.3,291.3,291.2,291.2,291.2,291.3,291.4,291.6,291.8,292.1,292.4,292.8,292.7,293,293.3,293.7,293.7,293.7,293.8,293.8,293.6,293.4,293.2,292.9,292.7,292.3,291.8,291.6,291.6,291.4,291.3,291.2
292,291.9,291.8,291.6,291.4,291.3,291.3,291.4,291.6,291.7,291.7,291.8,292.1,292.2,292.6,292.9,293.3,293.8,294.5,295.1,295.6,295.6,295.7,295.8,295.6,295.1,295.2,295.2,294.6,294.2,293.9,293.5,293.1,293.1,293.1,293.2,293,292.6,292.2,292,291.9,291.9,291.9,291.9,292,292,292,292.1,292.1,292,292.1,292.2,292.3,292.4,292.7,293.1,293.4,293.4,293.6,293.9,294.1,294.2,294.3,294.3,294.3,294.2,294,293.7,293.4,293.2,292.9,292.4,292,291.8,291.8,291.6,291.4,291.3
292.7,292.7,292.8,292.7,292.6,292.5,292.4,292.5,292.7,292.6,292.7,292.9,293.2,293.6,294,294.3,294.7,295.2,295.5,295.9,296.2,296.3,296.5,296.5,296.2,295.9,295.9,295.7,295.3,295,294.7,294.3,293.8,293.6,293.7,293.7,293.6,293.4,293.1,292.9,292.7,292.7,292.9,292.8,292.8,292.9,292.8,292.9,293,293,293,293.1,293.3,293.6,293.9,294.1,294.3,294.5,294.6,294.4,294.7,294.8,294.7,294.8,294.7,294.5,294.2,293.9,293.8,293.6,293.2,292.6,292.3,292.2,292.1,291.9,291.8,291.9
293.4,293.6,293.8,293.9,293.9,293.8,293.7,293.8,293.9,294,294,294.3,294.7,295.1,295.3,295.6,295.9,296.2,296.3,296.6,296.8,297,297.1,297.1,296.9,296.6,296.4,296.2,295.9,295.6,295.4,295,294.5,294.2,294.1,294.1,294,294,293.9,293.7,293.6,293.6,293.7,293.6,293.7,293.7,293.7,293.8,293.9,294,294.1,294.3,294.4,294.5,294.8,295,295,295,295.1,295.3,295.2,295.3,295.3,295.2,295,294.7,294.5,294.2,294.2,293.9,293.6,293.1,292.6,292.5,292.6,292.6,292.5,292.4
294.3,294.6,294.9,295.1,295,295,294.9,295,295.1,295.4,295.3,295.4,295.8,296.2,296.4,296.5,296.7,297,297.1,297.3,297.4,297.5,297.6,297.8,297.3,296.9,296.7,296.6,296.5,296.3,296,295.8,295.4,295.1,294.8,294.8,294.7,294.6,294.6,294.5,294.4,294.4,294.3,294.3,294.5,294.5,294.6,294.8,295,295.1,295,295,295.1,295.4,295.6,295.5,295.5,295.8,295.7,295.6,295.8,295.8,295.7,295.5,295.1,295.1,294.7,294.6,294.6,294.3,294.1,293.6,293.2,292.9,292.9,292.9,292.8,292.7
295.3,295.5,295.8,296,296,295.9,295.9,296.1,296.2,296.2,295.9,296.2,296.5,296.9,297.1,297.2,297.4,297.6,297.7,297.8,297.8,297.8,298,298,297.3,297.2,297.1,297,296.9,296.8,296.6,296.4,296.1,295.9,295.8,295.7,295.6,295.4,295.4,295.5,295.4,295.3,295.2,295.2,295.5,295.3,295.5,295.7,295.8,295.6,295.7,295.7,295.7,295.8,295.5,295.4,295.9,296,296,296,296,296,295.9,295.6,295.4,295.4,295,295,295,294.7,294.5,294.2,293.8,293.3,293.2,293.2,293.1,293
296.3,296.4,296.5,296.6,296.6,296.6,296.7,296.8,296.7,296.6,296.6,296.8,297.2,297.6,297.7,297.9,298,298.2,298.3,298.2,298.1,298.3,298.4,298,297.4,297.6,297.5,297.4,297.4,297.3,297.2,297.1,296.9,296.8,296.6,296.5,296.5,296.5,296.5,296.5,296.4,296.3,296.3,296.3,296.3,296.4,296.5,296.3,294.9,296.5,296.2,296.2,296.1,296,296.5,296.8,296.7,296.5,296.4,296.3,296.2,296.1,296.2,295.9,295.7,295.8,295.4,295.3,295.4,295.2,294.9,294.8,294.3,293.8,293.6,293.6,293.7,293.6
