esri/temps2.json
{"header": {"discipline":0,"disciplineName":"Meteorological products","gribEdition":2,"gribLength":35296,"center":7,"centerName":"US National Weather Service - NCEP(WMC)","subcenter":0,"refTime":"2014-03-08T18:00:00.000Z","significanceOfRT":1,"significanceOfRTName":"Start of forecast","productStatus":0,"productStatusName":"Operational products","productType":1,"productTypeName":"Forecast products","productDefinitionTemplate":0,"productDefinitionTemplateName":"Analysis/forecast at horizontal level/layer at a point in time","parameterCategory":0,"parameterCategoryName":"Temperature","parameterNumber":0,"parameterNumberName":"Temperature","parameterUnit":"K","genProcessType":2,"genProcessTypeName":"Forecast","forecastTime":9,"surface1Type":103,"surface1TypeName":"Specified height level above ground","surface1Value":2,"surface2Type":255,"surface2TypeName":"Missing","surface2Value":0,"gridDefinitionTemplate":0,"gridDefinitionTemplateName":"Latitude_Longitude","numberPoints":65160,"shape":6,"shapeName":"Earth spherical with radius of 6,371,229.0 m","gridUnits":"degrees","resolution":48,"winds":"true","scanMode":0,"nx":360,"ny":181,"basicAngle":0,"subDivisions":0,"lo1":0,"la1":90,"lo2":359,"la2":-90,"dx":1,"dy":1}, "data":
[rows 35 to 69 of 181, columns 78 to 155 of 360]
264.8,262.6,261.5,260.7,260.1,261.7,261.8,261.5,261.4,261.8,260.7,261.4,263.8,265,264.6,263.1,262.7,264.6,264.4,263.4,263.8,266.9,268.3,269.4,266.3,265.2,265.4,264.9,264.8,264.7,265.6,265.3,265.2,263.3,257.6,257.3,256.1,258.1,257.7,258.4,257.2,257.6,257.8,259,259.1,258.4,258.6,259,257.8,258.8,260,261.5,261.2,259.2,256.5,259.4,260.2,262.1,264.6,264.2,264.1,265.4,266.3,267.1,268.9,270.3,270.4,270.4,270.5,270.7,271,271.2,271,270.8,270.9,270.6,269.9,270
257.1,256.2,255.6,256.2,258.2,260.1,260.1,260.5,260.2,261.5,262.2,259.5,260.9,263.8,264.9,266.5,266.3,265.5,263.8,263.7,265.7,266.6,268.9,267.2,263.8,264.4,266.7,265.7,265.1,265.4,264,266.1,264.3,260.4,258.5,257.4,259.2,259.5,259.2,260,259.8,259.4,259.6,260.2,261,261.2,260.4,262.4,261.6,260.6,259.3,258.9,259.1,260.3,261.1,263.2,263.3,260.7,264,264.7,265,266,266.6,268.4,270.4,271.4,271.1,270.9,271,271,271,271.1,271.2,271.7,272,271.8,270.9,269.6
258,257.4,257.1,257.8,259.6,260.9,261.1,260.4,260.9,262.4,262.3,261.6,263.9,265.2,266.1,265.4,264.1,265.5,266.1,265.2,264.1,262.8,264.5,267.9,268.6,264.1,264.7,265.2,264.1,265.5,266.9,265.2,261.4,258.7,258.4,259,259.8,259.8,259.7,259.6,259.6,259.6,259.5,260,260.1,260,260.1,259.8,260.1,261.1,262.4,262.8,265.7,264.8,262,261.4,264.1,262.2,266.2,265.2,264.8,268.2,270.4,269.8,271.5,271.9,271.6,271.5,271.6,271.7,271.6,271.5,271.6,271.8,271.7,271.3,271.2,270.6
258.2,258.7,260.1,262.2,261.1,260,260.7,261.6,263.1,263.7,261.5,260.6,260.8,260.7,263.5,265.3,266.9,264.7,265.4,266.1,264,262.3,263.1,263.5,267.9,270.3,269.7,267.6,266.8,263.9,262.1,260.9,260.3,259.9,258.9,259,260.1,261,262.1,260.9,260.7,261.4,261.3,260.9,260.3,260.5,261.7,261.9,261.2,261,262.6,264.7,265.3,265.1,265.9,265.5,265.4,263.3,266.3,267.4,267.6,269.4,272.6,271.5,272.3,271.9,271.9,271.2,271.1,271.4,271,270.9,271.1,271.6,271.7,271.4,271.2,270.6
258,258.9,261.6,260.9,259.7,259.8,259.3,260,261.8,259.6,262.1,262,265.5,266.7,263.7,263.7,264.3,266.5,267.1,266.4,264.7,264.2,264.1,265.9,265.8,267.5,268.2,266.1,264.9,264.2,264.1,265.1,263.4,261.8,262.1,260.3,260.2,261.1,260.4,258.1,260.8,262.3,260.7,260.1,259.6,261,262,263.4,262.5,261.4,263.1,265.2,266,267.1,267.4,266.9,264.8,262.9,264,267.3,269.5,267.2,267.9,271.2,271,269,271.7,271.6,271.5,271.6,271.8,271.7,271.6,271.8,271.9,271.6,271.4,271.2
258.5,260,260.7,258.9,260,260.4,261.4,263.4,264,262.5,261.3,262.8,261.6,263.2,268.9,268.7,267.2,266.4,264.3,262.3,261.9,264.2,266.1,267.1,268.5,267.5,268.2,266.6,263.1,264.6,266.2,265.1,265,263.1,261.3,260.9,258.7,258.7,258.2,257.9,259.8,260,257.9,257.7,258.9,260.8,262.1,263.1,262.3,262.8,263.2,264.5,267.2,269.1,268.4,268.2,267.8,267.6,268.8,268.4,266.9,266.5,267.9,269.9,270.1,269.8,268.7,268.7,270.4,270.7,270.9,270.9,271.2,271.2,271.1,272.1,272.5,271.8
253.6,257.9,258.5,259.1,258.8,259.4,263.3,264.9,264.5,262.5,259.4,264.3,266.1,268.5,267.6,268.8,268,265.9,265.2,265.6,264.2,263.8,266.7,268.7,269.4,267.8,267.6,267.5,266.6,269.1,268.4,263.8,261.4,261.8,262.9,261.2,260.3,262.2,260.1,260.1,260.7,258.7,256.2,255.7,258,261.3,263.6,262.7,262.7,264.1,262.3,263.3,265.5,266.5,269.3,269.4,268.6,265.7,264.6,264.5,264.4,264.8,267.9,269.7,269.6,268.6,268.7,268.7,270.7,271.1,271,271,271.1,271,271.4,271.4,271.2,272.4
255.9,257.2,257.4,258.9,261.9,262.7,267.4,270.3,271.4,271.3,267.1,264.6,262.4,265.7,272.6,270.2,268.3,265.4,263.4,263.1,264.5,265.9,265.7,266.4,267.7,267.3,268.3,267.3,264.3,265.6,264.5,264.1,264.6,264.1,263,261.4,261.7,262.1,261.7,259.6,257.7,255.4,254,256.8,261.9,265.6,265.1,263.1,262.5,263.7,264.6,265.5,265.5,267.2,267,265.9,263.5,263.5,263.6,263.9,265.4,266,270.1,269.6,269.3,268.8,268.2,268.9,270.6,270.3,270.3,270.4,270.8,271,271,271.6,272,271.9
257.8,261.7,267,270.1,269.7,267.9,267,264.4,267.6,271.4,270.8,272.9,269.6,264.4,264.6,270.4,271.4,270.7,268.8,263.7,263.4,263.9,262.8,266,269.4,269.3,269,270.7,266.5,267.5,265.4,266.9,268,265.3,264.3,261.9,262,262.4,263.3,260.2,257.6,254.3,254.5,260.9,266.7,268.5,266.3,264,262.4,262.4,262.4,263.5,265.3,266.4,265.2,263.3,263.3,264,264.5,262.6,264.8,270.1,270.6,269.9,269.2,268.2,268.4,268.9,270.2,270.2,270.5,270.6,270.9,271.4,271.3,271.5,272,272.2
269.3,270,269.6,269.7,274.9,267.1,267,273.6,272,270.8,271.3,273.4,273.9,272.3,268.4,264.7,267.4,273.5,271.3,268.2,264.7,266.6,266.6,266,266.8,271.9,269.7,269,269.3,269.9,270.2,268.6,269.6,269.8,269.2,267.1,264.9,264.6,263.9,259.7,257.5,255.5,258.5,263.8,269,269,268.2,267.3,266.2,263.3,261.2,261.5,261.3,261.3,262.5,263.8,263.5,263.7,262.3,263.2,269.9,270.9,271.5,271.3,270.5,268.8,269,269.6,270.5,271.2,270.6,270.3,270.9,271.4,271.7,271.6,271.8,272.3
268.5,264.6,260.1,267.1,273.1,276,274.3,272.8,271.5,270.8,271.1,273.5,275.1,272.5,272.9,272.7,271.9,270.3,274.3,270.9,266.8,269.9,269.6,271,270.4,270.7,271.5,271.5,272.9,272.5,273.1,272.6,272.2,273.1,272.1,270.3,266.7,266,265.1,261.9,261.4,259.8,263.3,267.8,269.6,269.1,268.6,267.8,266.8,263.9,262.3,261.2,263,261.4,263.8,264.4,263.4,261.5,264.5,269.4,269.7,270.3,271.1,271.7,271.9,271.9,271.1,271.2,271.3,270.9,270,270.6,271.2,271.6,271.9,272.1,272.1,272.2
268.4,271,273,270.2,266.5,264.1,263.4,268.7,271.7,271.4,272,271.6,271.5,271.6,269.3,273.6,276.6,278.6,275.3,274.7,272.3,273.3,275.1,275.5,275,274.7,276.2,274.2,274.4,274.4,273.8,275,274.9,273.3,272.3,271.3,269.2,265.9,264.8,260.5,263.3,265.6,268.6,269.9,269.6,269.6,268.4,268,266.9,262.9,261.5,264.4,261.4,263.8,266.7,263.4,261.9,265.3,268.1,268.3,269.4,270.4,271.4,271.8,270.6,267.2,272.2,270.5,270.4,270.5,270.9,271.4,271.6,272,272.3,272.3,272.6,272.8
261.1,266.3,266,268.7,266.8,263.8,265.6,265.2,264,265.6,275.9,281.5,279,280.8,280.6,278.2,272.2,272,276.1,274.6,274.6,275,274.2,274.4,273.6,273.6,272.3,274.1,275.7,275.7,277.1,275.8,274.9,274.5,274.1,272.8,270.8,268,264.1,261.8,265.9,269.5,270.2,269.5,269.4,270,269,266.8,265.1,265.1,262.7,263.6,264.9,266.9,268,266.5,267.7,267.7,267.8,269.1,270.6,271.7,272.1,270.2,270.9,270.2,272.2,272.6,272.2,272.2,272.3,272.4,272.6,272.9,272.8,272.6,272.8,273.2
259.2,261.7,256.7,265,274.2,276.7,277.4,279,277.2,279.3,277.2,277.7,277.9,276.7,277.3,278.2,278.6,276.6,273.1,275.6,276.5,275.9,276.3,277.8,278,276.5,276.2,275.6,277.6,278.8,276.4,275,276.2,274.7,270.3,270.9,269.4,268.9,268.1,268.2,269.6,270.9,268.7,271.5,271.5,271.2,268.7,265.4,264.8,263.8,258.7,260.9,269.2,269,268,267.9,268.3,269,270.2,271.8,271.7,271.7,271.6,273.1,273.4,272.3,273,272.8,272.8,273,273.3,273.5,273.5,273.7,273.8,273.6,273.6,273.8
264.5,272.6,278.2,279.2,279.2,279.5,281.2,281.3,280.3,281.1,278.7,278.5,278,279.7,280.3,278.4,278.6,276.6,276.9,277.5,278.5,278.8,280.1,279.9,279.3,278.7,279.1,278.2,277.2,275.8,275.9,275.6,272.9,270.5,271.4,271.5,270.8,270.3,273,275.6,275.1,272.1,273.1,273.5,272.3,270,267.6,267.3,267.5,261.6,259.8,263.7,270.4,270.5,269.9,269.8,270.1,270.8,271.6,272.7,274.4,276.6,276.8,274.5,274.7,274.5,274.2,274,273.9,274.1,274.3,274.5,274.5,274.5,274.9,275,275.3,275.2
278.3,278.5,279.4,279.5,278.3,278.1,278.1,278.7,278.7,278.7,279.2,279.2,279.8,281.7,281.7,280.6,281.2,280.1,279.5,278.8,281.4,282.8,281,281.2,278.8,276.4,276.5,276.4,279.2,278.2,278.6,276.2,275.9,275.9,274.4,274.8,273.9,273.7,278.7,279.5,278.8,278.4,274.9,272,272.2,272.5,274,273.2,272.6,265.9,272.9,272.3,271.8,271.8,271.3,271.3,271.7,272.8,273.8,275.3,277.2,276.8,276.2,271.6,273.6,274.5,274.8,275.1,275.2,275.4,275.5,275.6,275.8,275.9,276.2,276.3,276.7,277.1
280.6,280.4,279.7,279.5,278.8,277.8,277.2,277.5,277.4,278,283.2,279.8,274.1,270.6,269,268.5,267.7,266.6,265.1,263.5,264.3,265.5,279.3,278.5,279.4,277.3,277.9,279.3,276.3,278.7,277.6,277,276.9,278,273.8,276,277.2,281,281.2,280,276.7,275.7,274.3,274.1,274.8,274.3,274.1,274.2,275.1,271.1,273.6,274.2,274.2,273.6,273.1,272.9,273.5,274.7,276.4,277.6,278,276.7,275.3,273.8,275.7,275.2,275.2,275.6,276,276.4,276.6,276.7,277,277.2,277.5,278,278.3,278.7
278.4,278.2,278.7,278.6,277.9,277,277.5,279.4,282.5,269.8,264.4,262.4,265.5,271.1,271.8,271.6,274.2,270.7,262.1,260.6,260.4,259.2,264.2,267.8,275.1,280.9,280.4,279.6,279.6,279.5,279.3,279.5,279.1,278.4,276.7,277.6,281.5,283.4,283.4,282,280.3,276.6,276,275.7,275.7,275.8,275.8,276,277,276,274.5,276.8,276.4,276,275.5,275.9,276.6,278.3,278.8,278.6,278.4,277.7,272.1,276.4,276,276.1,276.1,276.3,276.7,277.1,277.6,278,278.4,278.9,278.9,279.4,280.2,280.2
271.5,277.4,280.1,279.1,281,281.8,277.8,265.7,257.8,257.8,260.7,255.5,258.2,256.5,265.5,273.2,274.1,275.8,274,273.7,270.8,268.5,269.3,269.6,271.4,272.8,277.8,278.4,281.3,278.7,278.8,279.6,280.2,278.3,279.8,278.8,282.2,284.7,284.7,284.2,282.7,280.8,280.7,279.7,278.7,277.2,276.9,276.8,276.7,277.2,275.6,275.6,278.6,278.8,279,279.8,280.6,280.2,280.1,279.5,275.5,271.5,274.8,278.2,277.3,277.4,277.5,277.7,277.9,278.5,279.1,279.6,280.1,280.7,281,281.1,281.5,282.1
256.8,255.5,261.2,268.6,260.6,257.7,258.5,257.4,253.5,253.9,254,253.2,252.8,255.8,261.2,261.9,264.3,267.6,266.3,268.4,271.1,263.8,273,275.2,274.5,277.1,277.3,278.1,278,279.7,280.7,281.2,280,279.9,280.8,280.5,285.6,285.9,284.6,283.9,283.1,283.4,282.9,280,279,278.7,278.6,278.4,278.3,279.8,276.8,278.6,280.5,280.6,280.9,281.8,281.3,280.6,279.8,274.1,271.5,276.3,279.4,278.7,279.1,279.1,279.2,279.3,279.7,280,280.3,280.9,281.3,281.8,282.4,282.8,283.1,283.2
253.1,252.3,256,253.6,254.5,258.9,259.6,258.1,258.8,260.4,260.1,259.2,261,259.8,261.7,264.3,265.8,265.8,264.5,263.5,264,263.2,268.9,269.7,271,273.2,276.7,278.7,279.3,281.8,282,282.2,285.7,285,284.6,287.7,287.7,286.1,286.2,285.5,284.8,284.8,280,280.3,280.6,280.5,280.4,280.5,280.5,281.4,281.9,282.1,281.7,281.5,281,279.8,281.2,281.8,280.1,281.2,280.8,279.3,280.5,281.6,281.6,281.6,281.4,281.5,282.1,282.1,282,281.8,281.8,282.3,283.1,283.8,284.1,284.4
258.5,254.5,254.3,257,255.7,258.9,257.8,260.6,259.5,260.4,260.4,257.9,259.1,260.3,263.8,265.7,265.1,263.9,265.9,266.3,267,264.8,262.8,265.1,269.7,272.5,275.2,277.5,281.4,280.8,282.7,284.7,282.1,282,284.4,287.3,287.5,286.5,286.1,285.2,285,284.7,284.8,280.2,280.7,281.3,281.8,282.1,282.4,282.9,283.1,282.5,282.4,283.2,282.8,280.6,279,281.3,282.5,281.6,282.4,283.2,283.5,283.7,284.4,284.9,284.4,284.4,283.8,284,284.1,283.7,283.3,283.4,283.9,284.5,284.9,285
255.9,255.5,255.7,258.5,261.8,262.2,262.5,261.2,260.7,263.1,262.4,261.7,262.3,260.3,260.2,263.7,264.5,265.4,266.1,269.2,270.1,266,265.4,267.8,270.2,270.8,272.1,278.5,283.6,284.8,284.6,284.5,285.6,285.5,287.3,286.7,287.5,287.4,287.1,286.2,285.3,284.5,284.5,281.4,279.8,280.9,281.6,282.2,282.8,283.3,283.5,283.3,282.2,280.4,282.8,282.7,282.7,282.9,283.5,283.3,283,282.5,282.7,283.1,283.6,284.5,284.9,285.4,285.9,285.7,285.3,285,284.7,284.6,284.8,285.1,285.4,285.6
258.9,256.9,256.2,258.8,260.7,258.9,262.1,264,263.9,265.7,265.3,266.6,265.1,264.9,264.6,264.6,265,261.9,268.3,271.2,267.7,265.6,270.4,272.7,274.9,273,274.9,284.3,286.2,287.7,285.7,282.1,287.5,285.6,288.4,287.2,287.2,288.3,286.8,285.2,283.8,283.5,283.4,283.5,280.4,280.6,281.5,282.4,283.2,283.6,284.3,284.3,284.1,278.7,283.6,284.1,284.3,283.2,282.9,282.4,281.5,281.6,282.3,283,283.9,284.7,285.2,285.4,285.6,285.6,286.1,286.2,286.1,286,286.1,286.2,286.4,286.4
280.5,261.6,259.3,256.1,253.6,255,260.7,261,262.4,263.2,263.7,264.5,264.6,263.4,261.7,262,263.8,268,266.9,267.5,266.3,269.2,269,272,276.4,270.8,286.8,288.9,289.5,290.5,288.4,287.5,285,284.8,287.2,286.7,287,287,284,285,284.4,283.2,281.8,282.7,280.1,280.7,281.9,283,283.9,284.6,285.1,285.7,285.3,284.3,284.8,285,284.5,283.5,282.8,282.4,282.6,282.8,282.3,282.4,283.2,284.1,284.5,284.8,285.1,285.7,286.5,286.8,287,287,287.1,287.3,287.7,288
291.2,285.4,281.3,265.4,264.2,256.6,258.7,255.3,257.1,261,263.7,264.1,261.4,269.1,267.4,267,268.2,271,266.2,267.6,266.5,270,267.4,274.2,275,283.5,289.4,290.9,290.7,290.4,287.9,283.9,282.8,284.8,287.9,286.7,286.6,285.7,285.3,284.2,283.6,283.3,283.9,281.5,280.4,281.5,282.7,283.9,284.8,285.6,286.2,286.5,286.4,286.2,286.4,286.2,285.6,285.1,285.1,285.4,285.5,285.3,286,287.3,287.6,287.4,287.3,287.4,287.7,288.2,288.7,288.5,288.3,288.6,288.9,289.4,289.4,288.9
290.9,292.1,292.6,289,279.8,267.3,262.5,260.8,262.3,264.4,267.1,269.8,266,269.7,269,268.9,270.4,284,277.7,268.1,269.5,273.3,270.7,276.8,276.9,281.7,287.4,291.3,291.1,287.3,284.7,284.8,285.6,285.9,287.1,286.3,285,283.8,285.1,285.5,281.4,283.7,283.3,282.9,281.8,282.5,283.7,284.9,285.9,286.7,287.2,287.4,287.6,287.8,287.9,287.7,287.3,287.1,287.1,287.5,288.8,289.9,290.6,289.9,289.4,289.2,289.3,289.4,289.3,289,289.1,289.1,289.2,289.2,289.1,289.3,289.2,289.2
292.3,291.6,291.2,292.6,292.7,291.2,293.2,288.2,274,260,258.8,263.6,267,269.9,267,275.1,287.7,294.6,295.4,280.2,280.2,277.3,276.1,279.4,284.8,282.4,284.4,285.9,285.8,284.8,286.4,283.9,286.6,285.3,284.2,285.5,284.8,284.9,284.5,284.3,282.1,282.4,282.5,283.3,282.9,283.9,285,286,287.1,287.8,288.3,288.5,289,289.4,289.2,289,288.8,289,290.3,293.2,293.5,292.3,291.6,291.1,290.7,290.5,290.3,290.2,290.1,289.8,289.4,289.3,289.5,289.6,289.3,289.5,289.6,289.7
294.2,293.5,292.6,292.4,293.1,294,295,296.1,295.6,292.1,288,289.9,287.3,289.2,287.4,295.4,296.7,296,292.2,289.5,289.2,282.5,282.4,283.4,286.5,286.1,284.7,283.5,284.7,284.8,284.3,283.9,285.4,285.4,284.1,284.2,284.2,285.5,283.1,284.1,284.2,282,285.1,284.4,284.9,285.6,286.7,287.7,288.7,289.2,289.5,290,290.3,290.4,290,290.2,290.7,292.2,294.2,294.4,294.1,293.7,292.9,292.3,291.7,291.4,291.2,291,290.8,290.5,290.2,290.1,289.9,289.8,289.9,290.1,290.4,290.6
294.1,294.2,294.1,294.2,294.1,294.2,294.2,294.4,294.9,295.2,296.3,298.4,297.8,297.2,295.3,297.3,295.4,289.9,294.1,292.4,292.6,286.5,285.6,286.8,291.7,287.5,286.1,285.3,283.6,283.5,285.2,284.9,284.8,283.6,282,284.3,283.2,284.3,283.3,282.2,282.8,286,286,286.5,287,287.6,288.5,289.6,290.2,290.5,290.9,291.2,291.4,291.4,291.4,292,293,294.8,295.1,295,294.6,294.1,293.6,293.2,292.7,292.3,292.1,291.9,291.7,291.4,291.1,290.9,290.7,290.5,290.4,290.6,291.2,291.3
294.2,295,295.2,295.5,296.2,295.8,295.7,295.8,296.2,296.4,297,297.5,298.6,299.6,299.5,296.7,295.1,295.7,294.4,295.4,290.4,291.9,290,290.1,291.7,291.1,286.8,286.8,286.7,288,286.2,285.6,284.2,283.9,282.6,283.9,285.4,284,282.3,284.5,288,288.4,287.6,288.3,287.6,289.6,290.6,291.4,291.9,292.3,292.5,292.6,292.7,292.6,292.9,293.9,295.4,295.6,295.7,295.4,294.9,294.5,294.1,293.9,293.5,293.2,293,293,292.8,292.4,292.2,292,291.7,291.3,291.1,291.5,292.1,292.3
295.7,295.3,296,296.3,296.1,296.3,297.1,295.7,296.4,297.4,297.9,297.6,297.4,296,297,296,294.7,294.5,296.4,297.5,296.5,294.4,292,294.3,295.6,294,289.7,285.6,290.1,289.2,283.8,284.5,283.8,283.5,283.9,284.3,283.7,284,286.2,288.8,288.6,289.2,289.6,290.7,290.6,291.3,292.3,292.9,293.4,293.7,293.9,294,293.9,294.2,295.1,295.9,295.8,296.1,296.2,295.9,295.5,295.1,294.8,294.6,294.4,294.1,293.9,293.7,293.5,293.3,293.1,292.9,292.6,292.3,292.2,292.6,293.1,293.3
296.9,297.2,296.2,294.3,295.4,295,294.1,295.3,296.9,298.2,298.4,299.1,298.2,297.3,297.6,296.8,296.4,297.4,298.8,296.4,298.1,297.2,296.6,296.8,296.8,294.5,291.6,290.7,286.1,285.4,287.1,285.4,284.7,283.6,284.5,285.5,286.9,285.4,286,290.3,290.6,290.9,293.2,286.7,291.4,292.4,293.2,293.9,294.3,294.6,294.8,295.2,295.6,296,296,296.1,296.5,296.6,296.4,296.3,296,295.8,295.6,295.3,295.2,295.1,294.9,294.5,294.4,294.1,293.9,293.8,293.6,293.5,293.5,293.7,293.9,294.2
296.1,296.5,297.5,296.1,298.2,298.3,297.7,297.5,297.8,300.3,299.2,300.5,298.8,297.4,297.7,298.5,298.9,300.6,302.5,300.2,298.9,297.7,298.1,302.7,299.7,299.6,293.6,290.7,287.9,285.9,285.6,286.7,285.9,287.5,287.8,287.7,289.6,290.4,291.8,292.2,292.5,292.5,293.9,292.9,293.6,293.7,294.2,294.7,294.9,295.2,295.5,295.9,296.4,296.5,296.5,296.8,296.8,296.7,296.5,296.5,296.3,296.2,296.1,296,296,295.9,295.7,295.5,295.4,295.1,294.9,294.7,294.7,294.6,294.6,294.7,294.9,295.1
297.8,297.8,300,299,299.6,299.8,300.4,298.7,299.8,298.5,298.2,298.7,298.6,298.3,298,300,298,300.6,303.2,300.2,301.6,300.2,302.3,300.3,301.6,301.3,297.3,290.9,290.2,289.3,289.5,289.4,290,290.6,290.4,291.6,292.9,293.5,293.9,293.8,294,294.4,295.1,294.8,294.7,295,295.3,295.5,295.5,296,297,297.4,297,296.9,297.2,297.1,297,296.9,297,297.1,296.9,296.9,296.9,297,296.9,296.8,296.6,296.3,296.1,296,295.9,295.8,295.6,295.5,295.6,295.7,295.9,296.2
