esri/temps.json
{"header": {"discipline":0,"disciplineName":"Meteorological products","gribEdition":2,"gribLength":33059,"center":7,"centerName":"US National Weather Service - NCEP(WMC)","subcenter":0,"refTime":"2014-03-01T06:00:00.000Z","significanceOfRT":1,"significanceOfRTName":"Start of forecast","productStatus":0,"productStatusName":"Operational products","productType":1,"productTypeName":"Forecast products","productDefinitionTemplate":0,"productDefinitionTemplateName":"Analysis/forecast at horizontal level/layer at a point in time","parameterCategory":0,"parameterCategoryName":"Temperature","parameterNumber":0,"parameterNumberName":"Temperature","parameterUnit":"K","genProcessType":2,"genProcessTypeName":"Forecast","forecastTime":6,"surface1Type":100,"surface1TypeName":"Isobaric surface","surface1Value":100000,"surface2Type":255,"surface2TypeName":"Missing","surface2Value":0,"gridDefinitionTemplate":0,"gridDefinitionTemplateName":"Latitude_Longitude","numberPoints":65160,"shape":6,"shapeName":"Earth spherical with radius of 6,371,229.0 m","gridUnits":"degrees","resolution":48,"winds":"true","scanMode":0,"nx":360,"ny":181,"basicAngle":0,"subDivisions":0,"lo1":0,"la1":90,"lo2":359,"la2":-90,"dx":1,"dy":1}, "data":
[rows 0 to 34 of 181, columns 156 to 233 of 360]
240.7,240.7,240.7,240.7,240.7,240.7,240.7,240.7,240.7,240.7,240.7,240.7,240.7,240.7,240.7,240.7,240.7,240.7,240.7,240.7,240.7,240.7,240.7,240.7,240.7,240.7,240.7,240.7,240.7,240.7,240.7,240.7,240.7,240.7,240.7,240.7,240.7,240.7,240.7,240.7,240.7,240.7,240.7,240.7,240.7,240.7,240.7,240.7,240.7,240.7,240.7,240.7,240.7,240.7,240.7,240.7,240.7,240.7,240.7,240.7,240.7,240.7,240.7,240.7,240.7,240.7,240.7,240.7,240.7,240.7,240.7,240.7,240.7,240.7,240.7,240.7,240.7,240.7
240.7,240.6,240.6,240.6,240.6,240.6,240.6,240.6,240.6,240.5,240.5,240.5,240.5,240.5,240.5,240.5,240.5,240.5,240.5,240.5,240.5,240.5,240.5,240.5,240.5,240.5,240.5,240.5,240.5,240.5,240.5,240.5,240.5,240.5,240.5,240.5,240.6,240.6,240.6,240.6,240.6,240.6,240.7,240.7,240.7,240.7,240.7,240.7,240.7,240.7,240.7,240.7,240.7,240.7,240.7,240.7,240.7,240.8,240.8,240.8,240.8,240.8,240.8,240.8,240.8,240.8,240.8,240.8,240.8,240.8,240.8,240.8,240.8,240.8,240.8,240.8,240.8,240.8
240.7,240.7,240.7,240.7,240.6,240.6,240.6,240.6,240.6,240.7,240.7,240.7,240.7,240.7,240.7,240.8,240.8,240.8,240.9,240.9,240.9,241,241,241,241.1,241.1,241.2,241.2,241.2,241.3,241.3,241.4,241.4,241.5,241.5,241.5,241.6,241.6,241.7,241.7,241.7,241.8,241.8,241.8,241.8,241.9,241.9,241.9,241.9,241.9,241.9,242,242,242,242,242,242,242,242,242,242,242,242.1,242.1,242.1,242.1,242.1,242.1,242.1,242.1,242.1,242.1,242.1,242.1,242.1,242.1,242.2,242.2
240.6,240.6,240.7,240.7,240.7,240.8,240.8,240.9,240.9,241,241,241.1,241.1,241.1,241.2,241.2,241.3,241.4,241.4,241.5,241.5,241.6,241.6,241.7,241.7,241.8,241.8,241.9,241.9,241.9,242,242,242.1,242.1,242.2,242.2,242.3,242.3,242.4,242.4,242.5,242.5,242.6,242.7,242.8,243,243.1,243.2,243.3,243.5,243.7,243.8,244,244.2,244.3,244.5,244.7,244.8,245,245.2,245.3,245.5,245.6,245.8,245.9,246,246.1,246.2,246.3,246.3,246.4,246.4,246.5,246.5,246.5,246.5,246.4,246.4
240.9,240.9,241,241.1,241.2,241.2,241.3,241.4,241.5,241.6,241.7,241.8,241.8,241.9,241.9,242,242,242,242.1,242.1,242.1,242.2,242.2,242.2,242.2,242.3,242.3,242.4,242.5,242.6,242.8,242.9,243.2,243.4,243.6,243.9,244.3,244.6,245.1,245.5,246,246.4,246.8,247.3,247.8,248.2,248.6,248.9,249.2,249.5,249.8,250.1,250.3,250.4,250.6,250.7,250.8,250.8,250.9,250.9,251,251,250.9,250.9,250.9,250.9,250.8,250.8,250.8,250.7,250.7,250.7,250.7,250.7,250.6,250.6,250.6,250.6
241,241.1,241.2,241.3,241.4,241.5,241.7,241.8,241.9,242,242.1,242.2,242.2,242.2,242.3,242.3,242.3,242.3,242.3,242.3,242.4,242.4,242.5,242.6,242.8,243,243.3,243.6,244,244.5,245,245.6,246.2,246.8,247.5,248.1,248.7,249.2,249.6,249.9,250.2,250.4,250.6,250.7,250.7,250.8,250.8,250.8,250.7,250.7,250.7,250.8,250.8,250.7,250.7,250.7,250.8,250.8,250.8,250.8,250.7,250.7,250.7,250.7,250.7,250.7,250.7,250.7,250.7,250.7,250.8,250.8,250.8,250.9,250.9,251,251,251.1
241.1,241.2,241.3,241.4,241.6,241.7,241.9,242,242.1,242.2,242.3,242.3,242.4,242.4,242.5,242.5,242.5,242.6,242.7,242.7,242.9,243.1,243.3,243.7,244.1,244.7,245.3,246,246.8,247.5,248.3,248.9,249.5,250,250.3,250.6,250.7,250.7,250.7,250.6,250.6,250.6,250.6,250.7,250.8,250.9,251,251.1,251.2,251.3,251.4,251.5,251.5,251.5,251.5,251.5,251.5,251.4,251.4,251.3,251.2,251.1,251,250.9,250.8,250.7,250.7,250.6,250.6,250.6,250.7,250.7,250.8,250.8,250.9,251,251,251.1
241.3,241.3,241.4,241.5,241.6,241.8,241.9,242.1,242.2,242.3,242.4,242.5,242.6,242.7,242.8,242.9,243,243.2,243.3,243.5,243.8,244.2,244.7,245.3,246.1,246.9,247.7,248.5,249.2,249.8,250.3,250.6,250.7,250.8,250.9,250.9,251,251.1,251.3,251.5,251.8,252,252.2,252.4,252.6,252.7,252.7,252.7,252.7,252.6,252.6,252.6,252.6,252.6,252.6,252.6,252.6,252.5,252.5,252.3,252.2,252,251.8,251.7,251.6,251.5,251.4,251.3,251.3,251.2,251.2,251.1,251.1,251,250.9,250.8,250.8,250.8
241.8,241.7,241.6,241.6,241.7,241.8,241.9,242,242.1,242.3,242.4,242.6,242.7,242.9,243.1,243.3,243.5,243.7,244,244.3,244.9,245.5,246.2,247.1,248.1,248.8,249.6,250.1,250.5,250.7,250.8,250.9,251.1,251.2,251.5,251.9,252.3,252.7,253,253.3,253.5,253.7,253.8,253.9,254,254.1,254.2,254.3,254.4,254.5,254.6,254.6,254.6,254.6,254.5,254.4,254.3,254.2,254,253.8,253.6,253.4,253.2,253,252.8,252.6,252.4,252.3,252.1,252,251.8,251.6,251.5,251.4,251.2,251.1,251,250.8
242.2,242.1,242,241.9,241.8,241.8,241.9,241.9,242.1,242.2,242.3,242.5,242.8,243.1,243.4,243.7,244.1,244.3,244.7,245.2,245.8,246.6,247.4,248.4,249.2,249.9,250.3,250.6,250.8,251,251.2,251.5,251.9,252.4,252.9,253.4,253.8,254.2,254.6,255,255.3,255.5,255.8,256,256.1,256.3,256.4,256.5,256.5,256.5,256.5,256.4,256.2,256.1,255.9,255.7,255.4,255.2,254.9,254.7,254.4,254.2,254,253.7,253.5,253.3,253,252.8,252.6,252.3,252.1,251.9,251.7,251.6,251.5,251.3,251.2,251
242.8,242.6,242.4,242.3,242.3,242.2,242.2,242.2,242.2,242.3,242.3,242.5,242.8,243.2,243.5,244,244.3,244.6,245.1,245.6,246.3,247.2,248.2,249.2,250,250.6,251,251.4,251.6,252,252.5,253,253.6,254.2,254.8,255.3,255.8,256.2,256.7,257,257.2,257.4,257.4,257.3,257.2,257.1,257,257,257,257,257,256.9,256.9,256.7,256.6,256.4,256.3,256.1,255.8,255.6,255.4,255.2,254.9,254.7,254.5,254.3,254.2,253.9,253.7,253.4,253,252.6,252.2,251.8,251.4,251,250.7,250.3
243.6,243.4,243.1,242.9,242.7,242.6,242.5,242.4,242.4,242.4,242.4,242.6,243,243.4,243.8,244.2,244.5,244.8,245.1,245.6,246.5,247.7,249,250.4,251.4,252,252.4,252.8,253.1,253.6,254.1,254.6,255.1,255.5,255.9,256.4,256.9,257.3,257.7,257.8,257.9,257.8,257.7,257.7,257.6,257.5,257.4,257.4,257.3,257.3,257.2,257.1,256.9,256.8,256.6,256.3,256.1,256,255.8,255.6,255.5,255.4,255.3,255.2,255,254.8,254.5,254.2,253.9,253.7,253.4,253.1,252.6,252,251.3,250.8,250.7,250.8
244.2,244.1,244,243.9,243.7,243.6,243.4,243.2,243,243,243,243.2,243.5,243.9,244.3,244.6,244.9,245.1,245.6,246.3,247.6,249,250.6,251.9,252.9,253.5,254,254.4,254.8,255.2,255.5,255.7,256,256.3,256.6,257,257.3,257.5,257.6,257.7,257.7,257.8,257.9,258,258.1,258,257.9,257.6,257.2,256.8,256.4,256.1,255.9,255.7,255.5,255.4,255.3,255.2,255.1,255,255,254.9,255,255,255,254.9,254.7,254.5,254.1,253.8,253.5,253.3,253.1,252.7,252.7,252.7,252.7,252.6
244.4,244.5,244.5,244.6,244.5,244.4,244.2,244,243.8,243.7,243.7,243.8,244,244.3,244.6,244.9,245.4,245.9,246.5,247.6,249,250.7,252.3,253.5,254.3,254.8,255.3,255.7,256.1,256.3,256.6,256.7,256.9,257.1,257.3,257.4,257.3,257.2,257.1,257.1,257.3,257.7,258,258.1,258.2,258.1,257.9,257.6,257.2,256.6,255.9,255.3,254.9,254.9,255,255.1,255.2,255.2,255.2,255.2,255.2,255.1,255,254.9,254.8,254.8,254.7,254.6,254.4,254.1,254,253.9,254,254.2,254.3,254.2,254,253.6
244.1,244.2,244.4,244.6,244.7,244.7,244.6,244.5,244.3,244.2,244.3,244.4,244.5,244.7,245,245.6,246.4,247.1,247.9,248.8,250.2,251.9,253.4,254.6,255.3,255.8,256.3,256.7,257.1,257.5,257.8,257.9,258,258.1,258,257.9,257.8,257.5,257.1,256.9,256.8,257,257.2,257.3,257.2,257.1,257.1,257.2,257.2,257.2,256.8,256.2,255.5,254.9,254.7,254.8,254.9,255,255.1,255.2,255.3,255.3,255.2,255.1,255,254.8,254.6,254.5,254.4,254.3,254.2,254.3,254.6,255.1,255.3,255.1,254.9,254.5
244,244.1,244.3,244.5,244.7,244.8,244.9,244.8,244.7,244.7,244.7,244.8,245,245.5,246,246.6,247.1,247.8,248.7,249.9,251.5,253,254.4,255.4,256.1,256.6,257.3,258,258.5,258.9,259,259.2,259.4,259.5,259.6,259.6,259.4,259.1,258.6,257.9,257.4,257.3,257.3,257.4,257.4,257.4,257.2,257,256.9,256.8,256.7,256.5,256.1,255.9,255.8,255.7,255.6,255.5,255.4,255.3,255.2,255.2,255.2,255.1,255,254.9,254.7,254.5,254.2,254.1,254,254.1,254.7,255.3,255.5,255.6,255.6,255.4
244.3,244.4,244.5,244.6,244.8,244.9,245,245.1,245.1,245.1,245,245.1,245.6,246.4,247.2,247.8,248.4,249,249.9,251.1,252.6,254.1,255.4,256.3,257,257.9,258.8,259.6,260,260.2,260.2,260.3,260.3,260.3,260.4,260.6,260.9,261.4,261.9,262.2,262.5,262.7,263,263.2,263.3,263,262.5,261.7,260.7,259.8,259,258.2,257.5,256.9,256.5,256.4,256.5,256.7,256.7,256.5,256.2,255.7,255.4,255.2,255,254.9,254.8,254.7,254.4,254.1,253.9,253.8,254.4,254.8,255.3,255.5,255.5,255.3
244.9,245.1,245.2,245.3,245.4,245.4,245.4,245.3,245.3,245.2,245.1,245.4,246.1,247,248,248.9,249.5,250,250.9,252.1,253.6,254.9,256,256.9,257.8,259,260,260.5,260.5,260.2,260.3,261.4,263.6,266.1,267.9,269,269.3,269.1,268.7,268.4,268.4,268.7,269,268.9,268.5,268,267.3,266.5,265.8,265,264.1,263.1,262.1,261,260,259,258.3,258,258.1,258.2,257.9,257.3,256.6,256.1,255.7,255.3,254.9,254.7,254.7,254.6,254.4,254.2,254.5,254.6,254.8,254.9,255,254.4
244.9,245,245.2,245.5,245.7,245.7,245.7,245.6,245.4,245.4,245.3,245.3,245.9,247,248.1,249.1,250.1,250.8,251.6,252.6,253.9,255.2,256.2,257.1,258.1,259.2,260.2,260.8,260.8,261.2,263.1,266.8,270.2,270.9,269.9,269.1,268.8,268.5,268.1,268.2,268.5,268.7,268.9,269.1,269.3,269.5,269.4,269.3,269,268.7,268.2,267.6,266.7,265.8,264.8,263.8,262.7,261.9,261.5,261.5,261.4,260.5,258.8,257.5,256.8,256.5,255.8,255,254.5,254.5,254.8,255,255.2,255.1,254.7,254.7,254.2,254
244.1,244.3,244.5,244.9,245.2,245.4,245.6,245.6,245.5,245.5,245.4,245.5,246,247,248,249.2,250.3,251.1,251.8,252.6,253.7,255,256.2,257,257.4,257.8,258.5,259.4,260.1,260.7,262.1,265,268.1,269.7,269.9,269.6,269.4,269.3,269.4,269.7,269.9,270.1,270.2,270.3,270.3,270.2,269.9,269.7,270.1,270.4,270.5,270.2,269.8,269.5,269.4,269.2,268.7,267.9,267,266.5,266.2,265.1,263,260.4,258.5,257.6,257.2,256.6,255.7,255,254.8,254.9,255.4,255.4,255.2,254.8,254.1,253.8
243.1,243.5,243.7,243.9,244.3,244.9,245.6,245.8,245.6,245.3,245.1,245.4,246.3,247.3,247.7,248.2,249.1,249.9,250.7,251.5,252.3,253.2,254.2,255.4,256.4,257.2,257.7,258.4,259.2,259.6,259.9,260.7,262.1,263.7,265,265.9,267,268.1,269.1,270.2,271.2,271.9,271.4,270.7,270.7,270.5,270.4,270.2,270.2,270.5,270.3,270,271.3,271.1,270.7,272.1,272.9,273.7,274.1,274,273.3,271.1,270.1,267.9,263.7,259.4,256.9,256.6,256.8,256.5,255.7,254.9,254.4,254,254.3,254.9,253.5,253.4
243.2,242.9,243.3,243.8,244.5,246.2,246.6,246.8,247.6,248.2,248.9,248.3,247.6,247.8,248.2,248.9,249.9,250.9,251.6,251.7,251.3,252,253.2,253.9,254.2,254.2,254.6,255.3,256.2,256.9,257.5,257.8,258.2,259.1,259.9,261.6,264.2,267.3,269.1,270.5,270.8,270.9,270.3,269.5,268.8,268.6,268.8,269.3,270.1,270.6,270.9,270.6,270.2,270.9,273.2,276.3,278,277.8,277.9,278.1,278,277.8,276.5,273.4,268.8,264.1,264.1,259.8,254.6,251.4,252,254.2,253.4,252.7,250.3,248,247.6,246.1
243.3,243.1,243.1,243.5,244.7,245.9,246.9,247.9,249.2,250.9,251.6,251.1,250.8,250.9,250.7,249,247.9,248.4,250.6,251.6,252,253.2,255.6,257.2,256.5,255.6,254.8,254.6,254.4,254.5,254.8,255.7,256.7,257.2,258.5,262.5,266.3,268.2,269.2,269.8,269.7,269.7,269.7,269.1,268.3,267.9,268.8,270.2,271.2,271.6,272,272.3,273.6,274.8,276.3,276.5,275,272.2,270,268.7,267.5,264.8,260.7,258,257.6,260,264.8,265.8,258.7,252.5,249.5,250.3,250.3,248.3,247.7,249.5,247.7,246
243.7,243.7,244.1,245,246.8,248.1,248.7,248.3,247.9,248.6,249.8,250.7,250.7,250.7,250.5,250.1,249.2,249,250.4,252,254.2,256.7,257.9,257.5,256.4,255.4,254.1,253.3,253.4,254.9,255.6,255.3,255.1,258.1,265.2,269.5,269.2,268.6,269.4,270.1,270.1,269.3,268.7,268,267.3,267.5,267.8,268.1,268.8,269.6,269.9,269.9,269.8,269.3,268.6,267.3,264,260.5,259.7,259.7,260.4,261.8,264,265.5,263.9,260,258.1,258.2,256.4,252.1,247.1,248.3,247.9,248,249.4,248.1,247.9,246.9
243.8,242.8,243,244.2,246.4,248.6,249.2,248.8,248.6,248.6,248.5,248.7,249.5,251.1,251.4,250.7,250.6,250.2,250.2,251.4,255.1,257.9,258.8,258.1,258,257.7,256,255.4,255.1,255,257.6,263,267.8,269.9,269.9,269.1,268.9,269.2,268.5,267.3,267.5,268.3,270.1,269.5,269.3,268.3,267.5,266.6,265.2,265.9,267.4,268.9,268.7,266.3,262.5,259.2,259,261.3,261.3,259.9,260,261.5,264.7,268.5,269.6,266.5,262.6,260.8,258,253.7,252.1,253.4,252,248.4,247.4,248.5,245.4,244.5
244.1,243.8,244.2,244.3,244.3,246.7,249.3,250.3,250.4,251.3,252.7,252.3,251.6,252,253.4,255.7,253.7,252.7,252.8,252.7,253.5,255.3,257.6,259.1,260,259.5,259.3,260.6,263.8,265.6,266.4,267.4,268.8,269.4,270.2,270.1,268.9,268.6,268.4,268,267.1,267.3,268.5,270.4,270.2,269,268.8,270.2,269.8,269,268,267.7,266.9,265.4,263,262.7,266.1,270.9,272.2,272,271.5,268.5,263.8,263.2,266.9,269.8,268.7,267.1,266.6,266.9,267,269.4,272.4,273.2,271.7,269.4,261.9,251.2
243.1,243.4,244.8,246,245.6,245.3,247.2,250.9,253,253.7,254.7,254.6,253.9,253.8,254.2,254.6,254.4,253.6,253.5,253.1,254.9,254.5,255.8,257.7,259.7,260.4,261.2,264.4,266.9,266.1,265.3,266.9,269,270.3,270.6,270.1,269.4,269.5,270.1,269.9,268.9,268.4,268.9,270.6,271.7,271.5,270.7,271.2,272,272.1,272.5,271.8,268.7,267.8,269.8,272.5,273.9,273.9,273.9,273.6,270.5,267.4,265.8,263.1,261.5,262.8,265.2,264.9,264.1,262.9,263.2,264.3,266.8,268.1,266.1,263.1,265.3,265.8
241.9,243.2,246.4,247.8,248.1,247.8,249.2,252,254.1,254.3,255.2,255.8,253.8,253,253.9,254.2,253.4,254.1,254.7,255.7,256.7,257.3,257.2,258.3,259.2,259.7,260.9,262,263.1,264.5,266.7,269,270.4,270.9,270.5,270,270,270.6,270.9,269.6,268.4,267.7,268.3,270.5,271.9,271.6,271.7,271.9,271.9,270.8,271.1,273.4,277.2,277.2,277.2,276.3,277,276.9,275.8,273.6,270.3,266.9,265.3,263.6,262.7,262.1,261.8,260.6,259,259.1,258.3,258.3,259.9,262,263,263.3,264,266.2
243.4,245.9,250.3,251.2,250.4,250.5,251.2,255.8,258.8,255.8,254.3,253.7,254.6,260.9,266.3,264.8,259.9,255,254.9,257.1,259.6,261.5,262.9,263.7,263.8,263.6,263.9,264.8,266.3,268.1,269.9,271.1,271.1,270.6,270.4,270.4,270.4,270.8,270.4,269.1,268.7,268.8,269.8,270.7,272.2,271.2,271.5,270,270.1,274.2,276.7,278.5,277.4,273.3,273.8,276.2,277.8,278.1,277.2,277.1,277.4,278.3,275.3,271.2,267.6,266.8,267.6,266.8,265,263,263.3,263.1,259.5,256.5,258.5,260.9,262.3,261.5
251.3,255.4,256.6,258.1,258.6,256.8,259.6,259.6,257.2,254.2,253.9,252.5,253.5,259.2,264.4,266.4,264.6,261.5,260.5,262,263.8,264.9,265.5,265.8,266.7,268.1,269.8,271.1,271.5,271.7,272,271.6,271,270.5,270.4,270.3,270.2,270.6,270.9,270.5,270,269.7,270.6,272.4,272.4,272.6,271.1,269.7,270.7,274.4,276.6,277.3,276.6,274.9,275.8,277.6,280,280,276.5,274.5,275.6,278,280.6,283.6,281.7,276,268.4,264.8,264.7,262.2,261.8,263.2,259.6,258.1,258.2,259.2,260.1,257.3
258.3,258.8,260.5,261.3,260.6,260.3,259.2,259.5,260.7,260.4,260.1,260.8,262.5,264,266,267.9,268.8,268.6,268.6,268.9,269.5,270.5,271.7,272.6,273.1,273,272.8,272.9,272.9,273,272.9,272.5,271.8,271.2,270.7,270.3,270.2,270.1,270,270.7,270.5,270.9,272.5,272.8,273.5,272.8,270.8,270.3,272.6,275.2,274.6,274.7,275.1,274.7,276.9,277.9,278.9,278.9,278.3,278,278.7,279.9,278.3,279.1,278,271.8,266.1,265.7,266.4,264,260.8,259.5,258.8,258.7,258.8,256.1,253,250.1
262.4,262.5,262.3,261.8,261.6,261.4,261.2,262.3,263.6,264.8,265.5,265.9,266.3,266.9,267.5,268.1,268.6,269.2,269.9,270.6,271.1,271.7,272.1,272.5,272.9,273.1,273.3,273.4,273.3,273.5,273.4,273.1,272.8,272.2,271.5,270.9,270.9,271.4,271.9,271.9,272.2,272.9,273.1,271.6,272,271.4,271,272,272.7,272.9,274.3,275.2,275.7,276.9,277.4,277.3,277.4,277.8,278.1,278.2,278,278,278.1,276.8,274.7,274.3,272.3,269,266.5,264.6,261,260,258.4,256.8,256.8,256.2,255.9,255.8
265.3,264.5,263.9,263.8,264.5,262.4,262.6,267.1,269,268.4,268.5,268.6,268.9,269.3,269.8,270.1,270.3,270.4,270.6,271.1,271.6,271.9,272.5,273,273.3,273.5,273.6,273.6,273.6,273.5,273.2,273,272.8,272.6,272.3,272.2,272.2,272.4,272.3,272,272.5,273.3,273.4,273.5,273.5,273.7,274.1,275.1,275.4,275.3,275.5,274.9,275.7,276,276.1,276.4,276.7,277.1,277.4,277.8,278.5,278.8,278.7,278,277.6,277.8,277.1,274.7,270.7,268.1,264.3,261.4,260.4,258.3,258.5,259.2,258.9,259.6
269.3,268.7,267.5,266.3,264.7,264.3,267.3,271.8,272.4,272.5,272.6,272.7,272.8,272.9,272.9,272.8,272.4,271.9,271.6,271.6,271.8,272.2,272.5,272.8,273.2,273.5,273.7,273.8,273.8,273.7,273.6,273.5,273.5,273.6,273.6,273.6,273.6,273.6,273.7,274,274.2,274.2,274.3,274.4,274.3,274.6,273.6,274.5,276,276.1,275.4,276,276.1,276.4,276.5,276.7,277,277.4,278,278.9,279.2,278.8,278.3,278,277.7,277.7,277.8,277.4,275.6,271.8,270.9,265.2,262.3,264.7,264.9,262.2,260.8,259.2
271.2,269.5,267,265.3,268.5,270.7,271.9,272.7,272.8,272.8,272.7,272.7,272.6,272.4,272.4,272.5,272.4,272.3,272.1,272,272.2,272.4,272.7,273.2,273.6,274,274.1,274.2,274.3,274.3,274.2,274.3,274.6,274.9,274.9,275,275.1,275.1,275.1,275.1,275.3,275.6,275.6,275.3,274.3,274.5,275.7,275.9,276,276.1,276.2,276.4,276.6,276.8,276.9,277.1,277.6,278.2,278.9,279.3,278.9,278.6,278.3,278,277.9,278.2,278.2,277.7,277,276.1,274.2,272,270.1,266.7,265.1,262.1,258.9,257.3
