esri/temps2.json
{"header": {"discipline":0,"disciplineName":"Meteorological products","gribEdition":2,"gribLength":35296,"center":7,"centerName":"US National Weather Service - NCEP(WMC)","subcenter":0,"refTime":"2014-03-08T18:00:00.000Z","significanceOfRT":1,"significanceOfRTName":"Start of forecast","productStatus":0,"productStatusName":"Operational products","productType":1,"productTypeName":"Forecast products","productDefinitionTemplate":0,"productDefinitionTemplateName":"Analysis/forecast at horizontal level/layer at a point in time","parameterCategory":0,"parameterCategoryName":"Temperature","parameterNumber":0,"parameterNumberName":"Temperature","parameterUnit":"K","genProcessType":2,"genProcessTypeName":"Forecast","forecastTime":9,"surface1Type":103,"surface1TypeName":"Specified height level above ground","surface1Value":2,"surface2Type":255,"surface2TypeName":"Missing","surface2Value":0,"gridDefinitionTemplate":0,"gridDefinitionTemplateName":"Latitude_Longitude","numberPoints":65160,"shape":6,"shapeName":"Earth spherical with radius of 6,371,229.0 m","gridUnits":"degrees","resolution":48,"winds":"true","scanMode":0,"nx":360,"ny":181,"basicAngle":0,"subDivisions":0,"lo1":0,"la1":90,"lo2":359,"la2":-90,"dx":1,"dy":1}, "data":
[rows 140 to 174 of 181, columns 0 to 77 of 360]
279.5,279.4,279.1,279,279,279,279,278.8,278.7,278.6,278.5,278.1,277.7,277.4,277.3,277.1,277,276.8,276.5,276.4,276.3,276.1,276,276,276.1,276.2,276.2,276.3,276.4,276.5,276.6,276.8,277.1,277.4,277.8,278.1,278.3,278.3,278.3,278.2,278.2,278.1,278.1,278.2,278.3,278.5,278.6,278.6,278.7,278.8,278.8,278.9,279.2,279.4,279.4,280,280.2,280.4,280.6,281,281.1,280.8,280.7,280.8,280.7,280.6,281,281.2,280.6,281.1,281,279.8,279.6,279.6,279.6,279.6,279.5,279.6
278.9,278.8,278.6,278.5,278.5,278.4,278.4,278.3,278,277.9,277.7,277.2,276.8,276.7,276.7,276.6,276.4,276.1,275.9,275.8,275.7,275.6,275.6,275.6,275.6,275.7,275.7,275.8,275.8,276,276.2,276.3,276.6,276.9,277.3,277.6,277.8,277.8,277.8,277.7,277.6,277.5,277.5,277.6,277.7,277.7,277.9,278.1,278.1,278.2,278.4,278.4,278.5,278.7,278.8,279.1,279.6,279.8,279.8,280.2,280.5,280.6,280.7,280.5,280.3,280.5,280.9,280.6,280.2,280.1,279.8,279.4,279.2,279.1,278.8,278.7,278.5,278.4
278,278,278,277.8,277.9,277.9,277.9,277.9,277.5,277.2,276.9,276.4,276.1,276,275.9,275.8,275.8,275.5,275.3,275.2,275.1,275.1,275.1,275.1,275.1,275.2,275.3,275.4,275.4,275.6,275.8,276,276.3,276.5,276.6,276.8,277,277.2,277.3,277.2,277.1,277,276.9,276.9,277,277.1,277.2,277.4,277.5,277.7,277.9,277.9,278,278,278.1,278.4,278.7,279,279.2,279.5,279.8,280.2,280.4,280,280.2,280.4,280.2,280.3,280.5,280.2,279.7,279,278.7,278.5,278.4,278.1,277.6,277.2
277.3,277.2,277.2,277.2,277.2,277.2,277.2,277.1,276.8,276.5,276.2,275.8,275.5,275.4,275.2,275.2,275.2,274.9,274.7,274.7,274.7,274.7,274.7,274.8,274.8,274.9,275,275.1,275.2,275.4,275.6,275.7,275.9,275.8,276,276,276.2,276.6,276.8,276.7,276.7,276.7,276.5,276.3,276.3,276.4,276.6,276.7,276.9,277,277.2,277.5,277.5,277.5,277.6,277.8,278.2,278.4,278.6,278.9,279.2,279.6,280,279.6,280,280.2,279.9,280,280.1,279.8,279.1,278.5,277.9,277.3,276.8,276.8,276.6,276.4
276.8,276.6,276.7,276.7,276.8,276.7,276.6,276.5,276.3,275.9,275.6,275.2,275,274.9,274.7,274.7,274.7,274.4,274.3,274.3,274.3,274.4,274.4,274.5,274.5,274.6,274.8,275,275.1,275.2,275.3,275.4,275.4,275.3,275.3,275.2,275.8,276.3,276.2,276.2,276,276,276.2,276.1,276,275.9,276,276.2,276.3,276.5,276.6,276.8,277,277.1,277.2,277.5,277.8,278.1,278.2,278.5,278.9,279.1,279.1,279,279.3,279.3,278.9,278.3,277.7,277.2,276.9,276.7,276.6,276.5,276.4,276.2,276,275.9
276.2,276.1,276.2,276.3,276.3,276.2,276.1,276,275.8,275.4,275.1,274.8,274.7,274.5,274.4,274.4,274.4,274.2,274.2,274.1,274.1,274.1,274.1,274.2,274.3,274.4,274.6,274.8,275,275,275,275,274.9,274.9,274.8,274.7,275.6,275.7,275.5,275.7,275.6,275.6,275.7,275.8,275.8,275.7,275.8,275.8,276,276,276.1,276.3,276.6,276.7,276.6,276.8,277.4,277.8,277.9,278.1,278.6,278.7,278.4,278.3,278.3,277.9,277.1,276.7,276.5,276.3,276.2,276.1,276.1,276,275.9,275.8,275.7,275.6
275.4,275.5,275.5,275.7,275.7,275.7,275.6,275.5,275.3,275.1,274.8,274.5,274.3,274.2,274.2,274.3,274.3,274.1,274.1,274,273.9,273.9,274,274.1,274.1,274.3,274.4,274.6,274.8,274.7,274.7,274.6,274.5,274.5,274.3,274.5,275.3,275.2,274.9,275.2,275.3,275.3,275.3,275.5,275.6,275.5,275.6,275.6,275.7,275.7,275.8,276,276.2,276.3,276.2,276.3,276.8,277.4,277.6,277.8,278.3,278.2,277.9,277.5,276.9,276.4,276.1,275.9,275.8,275.7,275.7,275.7,275.6,275.5,275.5,275.5,275.4,275.4
274.7,274.9,275,275.2,275.3,275.3,275.2,275.1,275,274.8,274.5,274.3,274.1,274.1,274.1,274.1,274.2,274.1,274,274,273.9,273.7,273.8,274,274,274.2,274.3,274.4,274.4,274.3,274.3,274.3,274.2,274.1,273.9,274.1,275,274.8,274.4,274.6,274.9,275,275.1,275.2,275.3,275.3,275.4,275.4,275.4,275.4,275.5,275.5,275.5,275.6,275.8,276.2,276.7,277,277.2,277.3,276.9,276.3,275.8,275.5,275.2,275.1,275.2,275.2,275.3,275.3,275.2,275.1,275.1,275.3,275.2,275.2,275.1,275.1
274.2,274.4,274.4,274.5,274.6,274.7,274.8,274.9,274.8,274.6,274.3,274.1,274,274,274,274,274,273.9,273.7,273.8,273.8,273.7,273.7,273.8,273.9,274.1,274.2,274.1,274,274,273.9,273.9,273.9,273.8,273.6,273.6,274.4,274.7,274.2,274,274.3,274.6,274.8,274.9,274.9,275,275.1,275.2,275.2,275.2,275.2,275.2,275.2,275.4,275.8,276.2,276.2,275.6,275,274.8,274.7,274.7,274.5,274.3,274.2,274,273.9,274,274.5,274.8,274.8,274.8,274.8,274.9,274.8,274.7,274.7,274.7
273.7,273.8,274,274.2,274.3,274.4,274.4,274.4,274.4,274.2,274.1,274,273.9,273.9,273.9,273.9,273.8,273.8,273.8,273.8,273.9,273.8,273.7,273.7,273.8,273.9,274,273.9,273.7,273.6,273.6,273.6,273.5,273.5,273.4,273.2,273.6,274.3,274.3,274,273.8,274,274.3,274.6,274.8,274.9,274.9,275,275,275.1,275.2,275.3,275.3,275.2,274.8,274.4,274.2,274.2,274.2,274.2,274.1,274.1,274,273.7,273.6,273.6,274,274.4,274.5,274.5,274.5,274.4,274.5,274.5,274.5,274.4,274.4,274.5
273.6,273.7,273.7,273.7,273.7,273.8,274,274,274,274,274,274,273.9,273.9,273.8,273.8,273.8,273.7,273.7,273.7,273.8,273.9,273.7,273.6,273.7,273.8,273.8,273.5,273.2,273.3,273.4,273.3,273.1,273.1,273.1,273,273.1,273.6,274.2,274.1,273.8,273.6,273.5,273.5,273.8,274,274.1,274.2,274.3,274.3,274.3,274.3,274.3,274.3,274.2,274.1,273.9,273.7,273.5,273.3,273.1,273,273.3,273.8,274.1,274.1,274.1,274.2,274.3,274.2,274.2,274.2,274.2,274.2,274,274,274.1,274.2
273.5,273.5,273.5,273.5,273.5,273.4,273.5,273.6,273.7,273.8,273.8,273.8,273.8,273.8,273.8,273.8,273.8,273.7,273.7,273.6,273.7,273.8,273.7,273.6,273.6,273.6,273.4,273.2,273.1,273.1,273,272.7,272.5,272.5,272.7,272.8,272.8,272.9,273.5,274.1,274,273.8,273.5,273.3,273.1,273,273,273,273,273,273,273,273,273,273,273,273,273,273,273.3,273.6,273.9,274.1,274.2,274.1,274,274,273.9,273.7,273.5,273.3,273.1,273.2,273.2,273.2,273.3,273.7,273.8
273.5,273.4,273.4,273.4,273.3,273.3,273.3,273.4,273.4,273.5,273.6,273.7,273.7,273.8,273.9,273.9,274,273.9,273.8,273.7,273.6,273.7,273.7,273.5,273.4,273.3,273,272.9,272.8,272.4,272.3,272.2,272.1,272.1,272.2,272.4,272.6,272.7,272.7,273.2,273.8,274,273.9,273.8,273.7,273.5,273.3,273.1,273.2,273.3,273.4,273.4,273.4,273.4,273.4,273.5,273.6,273.7,273.8,273.9,273.9,274,274.1,274.1,274,273.9,273.6,273.2,272.7,272.2,272,272.2,272.4,272.5,272.5,272.7,272.9,273.2
273.4,273.4,273.3,273.3,273.3,273.2,273.2,273.3,273.3,273.3,273.3,273.3,273.4,273.5,273.7,273.7,273.7,273.8,273.9,273.7,273.6,273.7,273.5,273.1,272.9,272.7,272.5,272.3,272,271.8,271.8,272,272.1,272,272,272.1,272.3,272.4,272.6,272.8,273,273.5,273.7,273.8,273.8,273.8,273.7,273.7,273.6,273.6,273.5,273.5,273.4,273.3,273.3,273.3,273.4,273.4,273.5,273.5,273.6,273.8,273.9,273.8,273.5,272.9,272.2,271.5,270.9,270.8,270.9,271.2,271.5,271.6,271.8,272.2,272.9,273.2
273.3,273.3,273.2,273.2,273.2,273.1,273.2,273.2,273.2,273.2,273.2,273.2,273.3,273.4,273.4,273.5,273.5,273.7,273.7,273.7,273.7,273.4,272.9,272.6,272.3,272,271.7,271.4,271.3,271.4,271.7,272.2,272.6,272.6,272.2,272,272,272.2,272.2,272.4,272.7,272.9,273,273.2,273.3,273.4,273.5,273.4,273.3,273.2,273.1,273,272.8,272.7,272.7,272.7,272.8,272.9,273.1,273.2,273.4,273.5,273.2,272.7,271.8,271,270.3,269.6,269.2,269.1,269.3,269.6,270.2,270.7,271,271.3,271.6,272
273.2,273.1,273.1,273.1,273.1,273.1,273.1,273.1,273,273,273,273,273.1,273.1,273.2,273.3,273.3,273.5,273.6,273.6,273.3,272.5,271.9,271.5,271.3,271.1,271,271.1,271.3,271.7,272.3,272.6,272.9,273,272.5,272,271.8,271.9,272,272.1,272.3,272.6,272.9,272.9,272.9,273,273.1,273.1,273,273.1,273,272.9,272.8,272.4,272.2,272.2,272.4,272.6,272.7,272.8,272.8,272.6,272.1,271.2,270.5,270,269.4,268.6,267.9,267.9,267.9,268,268.6,269.2,269.4,269.3,269.4,269.5
272.9,272.8,272.8,272.8,272.8,272.8,272.8,272.8,272.7,272.7,272.7,272.7,272.7,272.7,272.7,272.7,272.9,273.2,273.1,272.4,271.6,271.1,270.9,270.7,270.6,270.8,271,271.5,272,272.3,272.2,271.8,271.9,272.1,272.2,271.9,271.8,271.8,272,272,272,272.1,272.2,272.5,272.6,272.4,272.3,272.1,272,271.5,270.4,268.6,266.6,265.2,264.5,264.1,265.1,265.6,266.5,267.9,269.3,269.8,269.9,269.8,269.9,269.7,268.8,267.2,265.7,264.9,264.3,264.6,266,267.1,266.9,266.2,266,266.4
272.3,272.2,272.3,272.3,272.3,272.4,272.4,272.4,272.4,272.4,272.3,272.2,272.2,272.2,272.3,272.4,272.4,271.8,271.2,270.7,270.5,270.4,270.1,270.1,270.5,271,271.6,272.2,272.4,272.1,271.6,271.3,271.2,271.3,271.4,271.4,271.4,271.4,271.4,271.6,271.9,272.2,272,270.8,269,267.8,266.8,265.8,265.9,266,266.2,264,261.9,258.6,258.8,253.5,256.5,260,260.7,260,259.7,259.8,259.3,258.7,259.3,261.2,261.8,261.3,260.1,258.4,257.2,256.1,258.1,261.1,263.1,264,264.1,263.9
271.2,270.9,270.6,270.2,269.8,269.7,269.6,269.7,269.8,270.1,270.2,270.6,271.2,271.6,271.4,271.1,270.7,270.4,270.1,269.8,269.5,269.6,270.1,270.9,271.6,272,272,271.8,271.5,271.2,270.8,270.4,269.9,269.6,269.9,270.6,271.4,271.8,271.9,271.6,270.5,269.4,269.3,266.8,264.5,261.3,259.2,255.6,257.4,258,257.4,254.4,247,243.1,246,248.8,249.9,242.7,241.2,248.9,248.9,248.8,250.4,250.9,251.3,251.8,252.1,252.5,251.7,252.9,254.5,253.5,252.9,254.8,258.1,261.1,262.1,261.6
265.6,266.4,266.6,266.5,266.3,266.4,266.6,266.9,267,266.9,266.7,266.5,266.4,266.6,266.7,267.3,268.1,269.1,270.3,270.8,270.9,270.9,270.9,270.9,270.7,270.4,270.1,269.7,269.3,268.5,267.2,266,264.7,261.1,260.3,262.2,263.7,265.3,266.5,268,266.1,261.3,258.3,256.5,254.2,251.3,248.4,246.7,246.4,248,244.9,239.3,238.7,238.5,237.4,239.4,240.4,240.6,241.6,242.3,242.8,243,242.3,241.9,242.2,243.6,246.6,248,250.3,252.9,252,250.5,250.7,252.9,257.3,260.7,261.1,261
262.3,262.6,262.9,263.4,263.9,264.5,264.3,264.2,264.1,263.9,263.6,263.2,263,261.8,261,260.7,260.3,260.2,260.3,260.4,260.4,260.5,261.6,263,264.1,264.7,265.3,264.5,262.9,261.1,260.5,260.5,260.9,260.8,258.1,257.4,257.4,257.2,259.3,260.9,259.9,256.6,252.4,249.1,246.7,244.6,242.7,240.7,240.2,241,241.6,241.9,240.4,235.2,231.4,231.1,232.2,234.9,237.4,238.4,238.7,239,240.1,241.7,243.5,246,248.2,250.9,252.2,249.4,250,249.6,252.1,253.5,258.4,257.6,254.5,251.3
262.1,263.4,263.9,263.3,262.5,262.1,261.6,261.4,260.8,260.1,259.9,259.5,260.6,261.5,261.2,260.8,260.3,260,260,260.9,261.1,259.8,258.5,257.9,257.6,258,258.3,258,257.6,256.8,255.1,253.4,251.9,250.3,249,247.9,246.8,245.8,246,247.1,247.5,246.7,245.5,244.3,242.9,241.5,240.2,238.9,237.8,237.5,237.4,237,236.3,235.6,234.6,234,235.1,236.4,237.2,237.6,237.7,237.7,238.2,239.4,241,242.6,244.7,247.9,251.9,252.1,250.6,250.6,245.5,254.2,253.1,249.8,247.4,246.4
255.2,250.6,251.7,250.7,248.8,248.2,248.1,248.9,249.6,248.5,246.9,246.2,245.9,247.3,249.3,250.4,250.5,250,250,250.5,251.8,253,251.4,245.9,246.9,251.5,251.1,249.6,247,245.9,246.4,246.5,246.1,245.4,244.6,243.7,241.5,239.3,238.3,238,238.1,237.8,237.3,236.7,236.2,235.8,235.5,235.3,234.8,234,233,231.3,230.3,230.8,231.7,232.5,233,233.7,234.6,235.6,236.8,237.6,238.6,239.6,240.9,243,246.1,250.2,252.7,253.2,249.7,252.3,254.4,252.1,249.6,247.4,245.6,243.3
244.3,242.5,240.8,240.3,239.7,239.1,238.5,237.9,237.8,238.4,238.3,237.9,237.2,236.5,235.4,235.7,237,237.6,238.5,239.4,239.5,239.5,239.5,239.7,239.6,237.5,235.2,237.4,237.4,237.2,237.9,238.7,239.1,239,238.8,238.4,237.5,236.2,235.3,235,234.7,234.3,233.7,233.1,232.5,231.9,231.5,231,230.5,229.8,229.3,229.4,229.9,230.1,230.2,230.4,230.7,231.2,232.1,233.1,234.7,236.6,238.7,240.5,242.4,244.3,247.6,250.2,245.2,252,253.7,253.6,251.5,249.8,248,245.7,242.8,240.5
237.3,236.9,236.3,235.6,234.9,234.4,234.1,233.9,233.9,234.3,234.8,235,234.9,234,232.5,230.2,228.7,228.4,228.6,228.3,227.8,227.8,228.4,229,229.4,229.7,230.6,231.7,232.1,232,231.9,232.2,232.7,232,227.8,225.9,225.7,225.2,224.6,224,223.4,222.7,222.5,223.1,224.6,226.5,227.4,227.7,227.7,227.9,228.2,228.5,228.8,229.1,229.4,229.5,229.7,230.2,230.7,231.7,233.2,234.7,236.1,237.5,239.7,244.7,249.4,251.7,252.9,252.6,251.7,250.8,250.1,249.1,247.9,246.1,243.7,241.3
223.7,223,222.8,223.2,223.7,224.2,225.3,227,228.5,229.4,229.9,230.2,230.6,230.9,231.1,231.1,231.1,230.8,230.5,230.1,229.8,229.7,229.7,229.7,229.6,229.1,228.1,226.5,224.7,222.9,221.7,221.8,222.4,222.5,221.5,220.6,220.2,220,219.9,219.7,219.4,218.6,218.2,218.5,219.7,221.9,224,225.1,225.6,226,226.4,226.8,227.3,227.7,228.1,228.5,229.1,229.8,230.5,231.6,233,234,234.9,236.2,238.2,241.1,244.1,246.1,247.1,247.5,247.7,247.7,247.6,247.1,246.3,245.1,243.5,241.7
225.1,224.7,224.9,226.9,229.4,229.9,229.4,228.9,228.6,228.5,228.5,228.4,228.4,228.3,228.2,228.1,228.1,228.3,228.5,228.5,228.3,228.2,228.1,227.8,227.5,226.9,225.7,223.7,221.4,219.3,217.8,217,216.7,216.6,216.7,216.5,216.2,215.9,215.5,215.2,215.3,215.8,216.4,217.4,218.7,219.9,220.8,221.4,221.9,222.7,223.9,225.2,225.9,226.2,226.5,226.9,227.2,227.6,228.2,228.9,229.4,229.9,230.6,231.4,232.5,233.9,235.7,237.6,239.5,241.2,242.4,243.1,243.3,243.3,243,242.8,242.1,241.3
227.4,227.2,228.1,230.2,231.7,231.7,231,230.4,229.8,229.4,229.1,228.7,228.6,228.6,228.5,228.5,228.5,228.8,229,229.1,229,228.8,228.7,228.6,228.4,228.1,227.7,227.2,226.6,226,225.6,225,224.4,223.5,222.4,221,219.6,218.2,217,216.2,215.7,215.4,214.9,214.5,214.2,214.2,214.4,215,215.8,216.7,218.3,221.2,223.9,224.9,225.4,225.7,225.9,226,226.3,226.7,227.4,228.1,228.8,229.5,230,230.3,230.4,230.6,230.8,231.2,231.9,233,234.2,235.3,236.1,236.6,237,237.4
226.5,227.2,228.6,230.1,230.8,230.9,230.6,230.4,230.1,229.7,229.3,228.9,228.6,228.4,228.3,228.2,228.2,228.4,228.5,228.9,229.2,229.4,229.5,229.5,229.3,228.9,228.5,228.1,227.5,226.9,226.4,225.9,225.4,224.8,224.2,223.6,223,222.1,221,219.4,217.5,215.7,214.3,213.4,213.1,213.2,213.6,214.3,215.1,215.4,215.8,217.1,220.2,223.2,224.4,224.7,224.9,225.1,225.5,225.9,226.3,226.8,227.1,227.4,227.6,227.6,227.6,227.5,227.5,227.4,227.4,227.4,227.5,227.8,228.2,228.6,228.9,229.4
230.8,231.5,231.6,231.2,230.8,230.3,229.9,229.6,229.3,229,228.7,228.4,228.2,228,227.9,227.9,227.8,227.8,227.8,227.8,227.8,227.9,228,228.2,228.3,228.5,228.5,228.3,227.9,227.3,226.7,226.1,225.5,225,224.4,223.8,223.2,222.7,222,221.2,220.5,219.6,218.7,217.6,216.9,216.4,216.1,215.9,215.4,214.6,214,213.9,214.4,215.9,218.3,220.7,222.3,223.1,223.5,223.7,223.8,224,224.2,224.5,224.8,224.9,224.9,224.8,224.7,224.7,224.9,225,225.1,225.2,225.2,225,224.7,224.3
233.3,233.1,232.8,232.4,231.9,231.5,231.1,230.6,230.2,229.9,229.5,229.2,229,228.7,228.5,228.3,228.1,227.9,227.8,227.6,227.5,227.3,227.1,227,226.9,226.9,226.8,226.8,226.7,226.7,226.4,225.9,225.4,225,224.6,224.2,223.8,223.4,223,222.7,222.4,222.3,222.3,222.3,222.3,222.3,222,221.4,220.4,218.9,217.4,216.2,215.8,215.9,216.3,216.8,217.7,218.9,220.2,221.1,221.6,222,222.1,222.2,222.1,222.1,222,222.1,222.1,222.1,222,222,222,222.1,222.5,222.6,222.5,222
234,233.7,233.3,233,232.6,232.3,232,231.7,231.4,231.2,230.9,230.7,230.4,230.1,229.9,229.6,229.4,229.1,228.8,228.6,228.4,228.1,227.9,227.6,227.4,227.2,226.9,226.7,226.4,226.1,225.7,225.3,224.9,224.6,224.2,223.9,223.5,223.2,223,222.8,222.6,222.5,222.4,222.4,222.5,222.5,222.6,222.6,222.7,222.8,222.9,222.9,222.8,222.5,221.9,221.2,220.4,219.6,218.9,218.3,218,217.8,217.7,217.7,217.6,217.4,217.1,216.8,216.4,216.2,216.1,216.1,216.2,216.1,215.5,214.6,213.5,212.8
232.5,232.4,232.2,232.1,231.9,231.6,231.1,230.6,229.9,229.1,228.3,227.5,226.7,225.9,225.3,224.9,225,225.2,225.7,226.4,227,227.5,227.8,227.9,227.7,227.4,227.1,226.8,226.4,226.1,225.9,225.6,225.4,225.1,224.9,224.7,224.5,224.3,224,223.7,223.4,223.1,222.9,222.8,222.8,222.8,222.8,222.8,222.9,222.9,222.9,222.8,222.7,222.6,222.5,222.4,222.3,222,221.8,221.5,221.2,220.6,220,219.1,218,216.9,215.7,214.8,214,213.4,213,212.7,212.7,212.9,213.1,213.6,214.3,215.1
230.5,230.2,229.9,229.6,229.2,228.9,228.5,228.2,227.8,227.5,227.2,226.9,226.7,226.5,226.4,226.3,226.2,226.2,226.2,226.1,226.1,226.1,226,226,226,226,225.9,225.8,225.6,225.3,225.1,224.9,224.8,224.7,224.7,224.6,224.5,224.5,224.3,224,223.8,223.5,223.3,223.1,223,222.9,222.8,222.8,222.9,222.9,223,223,223,223,222.9,222.8,222.7,222.6,222.5,222.5,222.4,222.3,222.2,222.1,221.9,221.8,221.6,221.5,221.4,221.4,221.4,221.4,221.4,221.4,221.5,221.5,221.5,221.4
227.5,227.3,227.2,227,226.8,226.6,226.5,226.3,226.1,225.9,225.7,225.6,225.4,225.3,225.2,225.1,225,225,225,225.1,225.1,225.2,225.2,225.2,225.2,225.3,225.4,225.4,225.3,225.3,225.2,225.2,225.1,225.1,225.1,225.2,225.2,225.1,225,224.9,224.7,224.4,224.2,223.9,223.6,223.3,223.1,222.9,222.8,222.7,222.7,222.7,222.6,222.6,222.6,222.6,222.6,222.6,222.5,222.5,222.5,222.4,222.4,222.4,222.4,222.5,222.5,222.5,222.5,222.5,222.5,222.5,222.5,222.4,222.4,222.4,222.4,222.5
