esri/temps.json
{"header": {"discipline":0,"disciplineName":"Meteorological products","gribEdition":2,"gribLength":33059,"center":7,"centerName":"US National Weather Service - NCEP(WMC)","subcenter":0,"refTime":"2014-03-01T06:00:00.000Z","significanceOfRT":1,"significanceOfRTName":"Start of forecast","productStatus":0,"productStatusName":"Operational products","productType":1,"productTypeName":"Forecast products","productDefinitionTemplate":0,"productDefinitionTemplateName":"Analysis/forecast at horizontal level/layer at a point in time","parameterCategory":0,"parameterCategoryName":"Temperature","parameterNumber":0,"parameterNumberName":"Temperature","parameterUnit":"K","genProcessType":2,"genProcessTypeName":"Forecast","forecastTime":6,"surface1Type":100,"surface1TypeName":"Isobaric surface","surface1Value":100000,"surface2Type":255,"surface2TypeName":"Missing","surface2Value":0,"gridDefinitionTemplate":0,"gridDefinitionTemplateName":"Latitude_Longitude","numberPoints":65160,"shape":6,"shapeName":"Earth spherical with radius of 6,371,229.0 m","gridUnits":"degrees","resolution":48,"winds":"true","scanMode":0,"nx":360,"ny":181,"basicAngle":0,"subDivisions":0,"lo1":0,"la1":90,"lo2":359,"la2":-90,"dx":1,"dy":1}, "data":
[rows 105 to 139 of 181, columns 78 to 155 of 360]
300.1,300.1,300.1,300,300,300,300.2,300.3,300,299.9,299.7,299.5,299.5,298.9,299.1,299.7,300,299.7,299.7,300,300,300.1,300.3,299.8,300.8,300.6,299.9,299.8,299.8,299.9,300.2,300.4,300.3,300.6,300.8,300.9,301,301,301.1,301.5,301.7,301.7,301.9,302,302.5,303.3,302.9,302.9,302,301.9,301.4,300.1,299.8,299.6,299.1,301,302.6,301.5,301.4,301.3,301.2,301,301,301,301.4,301.5,298.6,298,299.5,300.2,300.3,300.4,300.5,300.5,300.6,300.7,300.7,301
299.9,299.9,299.9,299.7,299.7,299.7,299.8,299.8,299.6,299.5,299.3,299.2,299.2,299.1,299.1,299.4,299.4,299.4,299.4,299.5,299.6,299.8,300,300.2,300.1,299.7,299.6,299.5,299.6,299.9,300.1,300.4,300.6,300.6,300.7,300.9,301,301.2,301.3,301.7,302.2,302.2,302.3,302.7,303.9,304,303.2,303.2,301.9,303.3,302.6,301.9,301.4,300,299.3,299.8,300.1,301.1,300.3,300.9,301.3,301.4,301,301,301,301.1,298.2,296.7,299.7,300,299.9,299.8,299.8,300,300.2,300.4,300.2,300.5
299.7,299.7,299.6,299.4,299.4,299.5,299.4,299.3,299.3,299,298.8,298.7,298.6,298.5,298.6,298.7,298.5,298.3,298.8,299,299.2,299.4,299.4,299.4,299,298.9,299,299.2,299.5,299.8,299.9,300.3,300.5,300.6,300.8,301,301.2,301.5,301.8,302,302.4,302.7,303.5,304,304.2,304.3,306.1,303.6,304.2,303.4,304,302.6,302.1,300.4,300.3,300.1,300.1,300.2,301,300.9,301.3,302.1,301.1,300.9,300.7,301.2,299.1,296.9,298.3,299.5,299.6,299.4,299.5,299.6,299.8,300,300,300.2
299.5,299.5,299.3,299.2,299.4,299,298.9,299,299,298.8,298.5,298.4,298.2,298,297.9,297.9,298,298,298.1,298.2,298.1,298.1,298.2,298,298.1,298.2,298.4,298.8,299.2,299.6,299.9,300.2,300.5,300.5,300.6,301,301.1,301.4,301.9,302.2,303.1,304.1,304.6,305.4,304.2,307.5,306.8,306.6,307.2,306.2,305.6,304.2,303.7,302.7,302.1,300.5,299,299.5,300.4,300.6,300.8,300.7,302.3,302,301,302.4,299.9,297,297.4,299.2,299.2,299.4,299.5,299.5,299.5,299.7,299.7,299.8
299.3,299.2,299,298.9,299.1,298.7,298.5,298.6,298.7,298.7,298.4,298.1,297.9,297.7,297.3,297.2,297.2,297.4,297.2,297.3,297.4,297.2,297.4,297.4,297.3,297.6,298,298.4,298.9,299.2,299.5,299.9,300.2,300.4,300.4,300.5,300.7,301,301.6,302.7,304.3,305.1,305.2,305.1,307.1,308.9,308.3,307.4,307.6,306.9,306.1,305,304.8,305.3,304.8,303.2,301,300.7,299.5,298.9,300.3,300.5,303.4,302.5,302.9,304.5,299.9,297.9,296.6,299.1,299.1,299.2,299.4,299.5,299.3,299.5,299.5,299.4
298.6,299,298.7,298.4,298.3,298.2,298.2,298.2,298.1,298.3,298.2,297.9,297.6,297.4,297.2,296.8,296.6,296.6,296.7,296.8,296.8,296.8,296.7,296.7,296.9,297.2,297.5,297.9,298.3,298.8,299.1,299.5,299.7,299.8,300,300,300.2,300.8,301.8,303,305.4,305.6,305.6,307,310.2,310,309.3,309.2,308.5,307.9,306.4,305.7,304.9,305.3,305.4,304.9,304.4,302.3,301,301,302.4,303.5,304.1,305.8,306.8,304.9,300.9,299.4,299,296.6,297.1,299.1,299,299,298.7,298.9,299.1,299.1
298,298.1,298.4,298,297.8,297.8,297.7,297.6,297.7,297.7,297.7,297.6,297.3,296.9,296.5,296.3,296.3,296,295.8,295.9,296.1,296.3,296.2,296.3,296.5,296.8,297.1,297.4,297.9,298.3,298.6,299,299.3,299.6,299.9,300.1,300.3,300.9,302.1,305.3,307.3,308.8,310,309.6,309.6,309.9,309.9,309,308.2,307.6,306.8,306.3,305.9,305.2,304.7,303.2,303.1,303.1,303.5,301.6,302.5,303.8,305,306,306.9,306.5,303.5,301.3,301,298.6,295.5,297.3,298.7,298.5,298.3,298.4,298.7,298.8
297.6,297.6,297.6,297.8,297.5,297.3,297.3,297.3,297.3,297.3,297.3,297.1,296.6,296.2,296,295.9,295.8,295.8,295.5,295.3,295.3,295.5,295.8,295.9,296.2,296.5,296.6,297,297.5,297.7,298.3,298.7,299,299.6,299.9,300.5,301.2,301.8,306.6,309.7,309.1,309.5,308.9,309.2,308.3,309.1,309.3,309.1,308.4,307.5,306.9,306.8,306.6,305.5,304.3,303,302.2,302.3,302.4,302.5,302.5,303.2,304.4,305.9,306.1,305.8,304.3,302.6,300.9,299.7,296.9,295.4,298.2,298.2,298,298,298.2,298.3
296.8,296.9,297.1,297,297.3,297.3,297.3,297.4,297.4,297.2,297.1,296.7,296.3,296,295.8,295.6,295.1,295.4,295.2,295.1,294.9,295,295.3,295.3,295.7,296,296.3,296.6,297.1,297.3,297.9,298.4,298.8,299.2,299.9,301.4,302.1,311.1,310.9,310.9,309.2,308.3,308,308,307.9,308.8,308.5,308.7,307.8,307.1,306.4,306.5,306.9,306.6,304.8,303.7,302.6,302.2,302.3,301.8,302,302.1,302.4,303.8,304,302.5,304.8,303.3,300.7,299.9,298.1,296.6,295,298,297.6,297.6,297.9,297.8
296.6,296.3,296.5,296.8,297.1,297.1,297.1,297.1,297,297,297,296.7,296.7,296.6,296.4,296.2,295.7,295,294.8,294.7,294.6,294.6,294.8,294.9,295.2,295.6,295.9,296.1,296.6,296.9,297.3,297.9,298.3,298.9,301.4,303.7,311.5,310.2,310.8,310,309.7,308.6,307.4,307.6,308.1,308.2,308.1,308.1,307.8,306.8,305.9,305.4,305.4,304.9,304.2,304,303.5,303.6,303.4,302.8,302.5,301.6,301.3,301.9,302.4,302.1,302.8,304.5,303,301,300.3,296.6,296,295,297.3,297.1,297.2,297.2
296.4,296.4,296.3,296.4,296.4,296.6,296.6,296.6,296.6,296.5,296.5,296.3,296.1,295.9,295.7,295.8,296,295.9,295.3,294.8,294.4,294.3,294.3,294.5,294.8,295.1,295.5,295.6,295.8,296.4,296.8,297.3,297.9,298.9,303,305.7,306.4,311.1,310.4,309.1,308.7,308,307.4,306.8,306.5,306.8,306.8,306.5,307,306.4,306,305.8,305.7,305.1,304.2,303.7,303.8,303.6,302.9,303,303,302.6,300.9,301.1,301.2,301.6,301.5,301.4,302,299.6,299.4,297.6,296.8,294.2,293.8,296.9,296.8,296.7
295.8,295.8,295.9,295.9,295.8,295.6,295.8,295.9,295.8,295.8,295.8,295.7,295.6,295.3,295.2,295.2,295.2,295.1,295.1,295.1,294.8,294.3,294.1,294.1,294.2,294.5,294.9,295.3,295.5,295.7,296.3,296.8,297.5,298.8,302.7,303.9,306.4,310.1,309.5,308.5,307.7,307.1,305.9,305.9,305.7,305.5,305,305.4,305.1,304.5,304.5,304,304,305.1,304.4,304.3,304.5,304.1,303.1,303,302.9,302.3,301.8,301.1,301,300.9,300.8,301,301,299.9,300.6,298.9,296.7,294.7,292.4,295.6,296.5,296.3
295,294.9,294.9,295.2,295.2,295,294.8,294.8,294.8,294.9,294.9,294.9,294.8,294.7,294.6,294.6,294.7,294.7,294.5,294.5,294.5,294.4,294.1,293.8,293.7,293.9,294.3,294.7,295.1,295.4,295.7,296.4,297.1,298.4,301.8,302.9,303.4,308.8,308.5,307.4,306.9,305.6,305.3,304.8,304.2,304.2,303.5,303.7,303.3,302.9,302.9,303.2,303,303,303,303.4,304.5,304.2,303.7,303.4,302.6,301.8,301.8,301.8,301.7,300.5,300.2,300.3,300.6,301.7,301,300.1,298.7,295.7,292,294.8,296.3,296.2
294.3,294.2,293.9,293.9,293.8,293.8,293.7,293.6,293.6,293.6,293.6,293.6,293.6,293.6,293.6,293.7,293.8,293.9,294,294,294,293.8,293.9,293.8,293.6,293.5,293.7,294,294.4,294.9,295.2,295.7,296.5,297.7,300.9,303.2,301.7,307,307.1,306.5,305.8,304.1,304,302.8,302.3,301.6,301.3,301.2,301,301.2,301.1,300.8,300.8,301,301.4,302.8,304.2,304.3,303.6,303.5,302.8,301.3,301.3,301.8,301.6,300.3,299.4,299.1,300,299.9,300.5,299,297.4,294.7,292.1,292.4,296,295.6
293.3,293,292.8,292.7,292.6,292.6,292.5,292.4,292.3,292.3,292.3,292.3,292.3,292.3,292.2,292.4,292.4,292.5,292.4,292.5,292.8,293,293.1,293.2,293.4,293.4,293.4,293.5,293.6,294.1,294.6,294.9,295.7,296.8,299.9,302.1,302,302.5,306.5,305.2,304.1,303.2,302.8,301.7,301.8,300.2,300.2,299.5,299.7,299.5,299.4,298.9,299.3,300.3,301.1,301.9,302.7,303.4,302.5,302.4,302.5,300.9,301,301.3,301.5,300.7,299.1,298.4,298.8,298.5,298.3,298.8,298.8,295.8,292.5,292.4,295.9,295.3
292,291.7,291.5,291.5,291.4,291.4,291.4,291.4,291.4,291.3,291.3,291.3,291.3,291.1,291.1,291.1,291.1,291.1,291.1,291.1,291.1,291.3,291.6,292.1,292.5,292.9,293.3,293.4,293.2,293.3,293.8,294.2,294.7,295.4,297.7,299.7,300.9,301.1,305.8,303.6,303.3,301.7,301.2,300.2,300,298.7,298.8,298.8,298.8,297.8,296.6,295.3,295,296.2,297.3,299.5,301,301.2,301.2,301.2,301,299.2,300.5,299.7,298.8,298.1,298,297.8,298.5,296.6,294.8,295,295.4,295.7,294.4,293.3,295.3,295
291.1,291,290.8,290.6,290.5,290.5,290.5,290.5,290.5,290.5,290.4,290.3,290.3,290.3,290.2,290.1,290,290,290,290,290.1,290.2,290.4,290.6,290.8,291.2,291.9,292.6,293.1,293,292.9,293.5,293.8,294.4,295.3,297.6,299.6,299.4,302.4,304.1,303.6,301.5,300.3,299,298.1,296.8,297.6,297.3,295.9,293.9,292.3,291.4,291,291.7,292.4,294.2,297.4,300,300.6,299,300.1,298.6,300,298.7,297.3,296.6,295.7,296,295.6,294.6,293.9,292.6,292.6,293,293.6,293.7,294.6,294
290.1,290.1,290,289.8,289.7,289.6,289.5,289.4,289.4,289.4,289.4,289.3,289.2,289.1,289,289,289,289,289,289,289.1,289.2,289.5,289.7,289.9,290.1,290.6,291,291.7,292.5,292.7,292.6,293,293.4,293.9,295.1,297.7,298.8,298,303.9,303.2,299.7,299,298,296.5,295.6,295,293.1,292.2,291.2,290.9,290.8,290.6,290.3,290.1,290.8,294.3,297.4,297.8,295.6,297.6,297.8,298.8,298.3,297.6,296.8,294.1,293.2,293.7,292.9,291.9,290.2,290.2,291.2,291.1,293.4,294,293.7
289.2,289.1,289,288.9,288.9,288.9,288.8,288.6,288.4,288.4,288.5,288.6,288.5,288.3,288,287.9,287.9,288,287.9,288,288.1,288.2,288.5,288.8,289,289.2,289.5,290,290.4,291,291.9,292.5,292.5,292.5,292.9,293.5,294.9,297.1,295.2,304.3,302,300.7,298,297.1,295.6,292.2,291.1,291.2,291.5,291.3,291.1,290.9,290.5,290.1,289.9,290.2,291.7,293.3,292.1,292.2,295,296.2,297.1,298.4,298.4,297.5,294.2,292.3,291.4,292.1,291.8,289.7,289.7,290,292.1,292.8,293.6,293.2
288.7,288.6,288.4,288.4,288.4,288.2,288.1,287.9,287.8,287.8,287.8,287.8,287.8,287.7,287.6,287.4,287.3,287.3,287.3,287.3,287.3,287.5,287.6,287.8,288.1,288.4,288.7,289,289.5,290,290.5,291.2,292.1,292.2,292.2,292.4,293.1,294.6,293.8,299,301.6,296.6,296.2,296.5,295.3,291.2,291.1,291.2,291.2,291.1,290.9,290.5,290.4,289.9,289.6,289.6,290,290.4,290.1,290.6,291.6,294.2,296,298.8,297.7,297.5,296.4,293.8,292.2,292,291.7,290.5,289.7,291.8,292.5,292.8,293.1,292.6
287.9,288.1,288.2,288.1,287.9,287.8,287.6,287.5,287.6,287.8,287.9,287.9,287.9,287.7,287.6,287.6,287.6,287.6,287.6,287.5,287.4,287.3,287.4,287.5,287.7,288,288.1,288.4,288.7,289.1,289.6,290.1,290.9,291.6,291.8,291.9,292,292.6,293.7,294.3,295.7,294.1,293.6,292.3,291.7,291.2,291.1,290.8,290.8,290.8,290.4,290,290,289.8,289.4,289.3,289.2,289.4,289.5,289,289.7,289.4,293,296.6,297.9,297.6,296.7,295.9,294.3,293.1,291.4,290.4,289.9,291.6,291.9,292,292.4,291.9
287.8,287.8,287.8,287.9,288,288,287.9,287.9,288,288,287.8,287.8,287.7,287.7,287.7,287.7,287.7,287.6,287.6,287.6,287.5,287.3,287.3,287.5,287.5,287.6,287.8,288.1,288.3,288.6,288.9,289.3,289.7,290.2,290.8,291.4,291.5,291.7,292.2,294.1,294.6,293.2,292.1,291.6,291.3,291.1,290.9,290.7,290.5,290.3,290.2,289.8,289.5,289.4,289.2,289,288.8,288.7,288.6,288.4,288.8,289.9,291.7,293.9,295.9,295.5,293.6,292.4,294.9,293.4,293.7,291.8,290.3,291.9,292,291.8,291.5,291
287.6,287.5,287.5,287.5,287.5,287.7,287.8,287.8,287.8,287.7,287.6,287.6,287.6,287.5,287.5,287.5,287.5,287.6,287.5,287.4,287.3,287.2,287.2,287.3,287.3,287.2,287.2,287.5,287.8,288.3,288.7,288.8,289.1,289.4,289.6,290.3,290.9,291.1,291.3,292.1,293.7,292.3,291.5,291.1,290.9,290.7,290.6,290.4,290.1,290,289.9,289.8,289.3,288.9,288.8,288.6,288.4,288.2,288.1,288.1,288,288.2,288.1,288.8,290.3,290.2,288.5,288.7,290,290.3,290.4,291,290.8,291.9,291.4,290.9,290.6,290.1
287.6,287.4,287.3,287.4,287.4,287.4,287.5,287.5,287.5,287.4,287.4,287.4,287.5,287.5,287.4,287.3,287.3,287.3,287.2,287.1,287,287,287,286.9,286.9,287,286.9,286.9,287.1,287.6,288.1,288.6,288.8,288.9,289,289.2,289.8,290.3,290.6,290.9,292.4,291.9,291.1,290.7,290.5,290.4,290.2,289.8,289.6,289.5,289.2,289.2,288.7,288.5,288.3,288.2,288.1,288,287.8,287.6,287.5,287.6,287.6,287.2,286.4,286.1,286.5,288.1,288.5,289,290,291.5,291.4,291.4,290.8,290.3,289.9,289.5
287.3,287.3,287.2,287,286.9,286.9,286.9,286.8,286.8,286.8,287,287.1,287.1,287,287,287,286.9,286.9,286.8,286.8,286.9,286.8,286.8,286.7,286.6,286.5,286.6,286.5,286.5,286.8,287.3,287.9,288.4,288.6,288.6,288.7,288.8,289.3,289.8,290.2,291,291.4,290.7,290.4,290.2,290.1,289.8,289.4,289.2,288.9,288.9,288.7,288.3,288.1,287.9,287.9,287.8,287.7,287.7,287.6,287.6,287.4,287.2,287.2,287.3,287.4,287.5,288.2,288.6,289.6,290.7,291,290.6,290.4,290.1,289.8,289.5,289.1
286.4,286.3,286.3,286.3,286.3,286.3,286.3,286.3,286.3,286.3,286.2,286.2,286.3,286.3,286.3,286.3,286.3,286.3,286.3,286.3,286.4,286.5,286.5,286.4,286.4,286.4,286.3,286.2,286.2,286.2,286.4,286.9,287.5,287.8,287.9,288.1,288.3,288.5,288.7,289.4,289.9,290.5,290.4,290,289.8,289.7,289.4,289.1,289.2,288.6,288.4,288.3,287.9,287.7,287.6,287.7,287.7,287.6,287.6,287.5,287.7,287.9,287.4,287.3,287.2,287.1,287.3,287.5,288.7,289.7,289.8,289.8,289.7,289.6,289.4,289.2,289,288.7
285.1,285,285.2,285.4,285.5,285.5,285.6,285.7,285.8,285.8,285.7,285.7,285.6,285.7,285.6,285.6,285.7,285.7,285.7,285.9,285.9,286.1,286.1,286,286,285.9,286.1,286.1,285.9,286,286.1,286.3,286.6,286.9,287.1,287.4,287.5,287.7,288,288.5,289,290,289.9,289.7,289.5,289.4,289.1,288.8,288.8,288.4,288,287.7,287.6,287.6,287.7,287.7,287.4,287.1,286.6,286.3,286,285.8,285.8,285.9,286.4,286.8,287.2,286,288.6,289.8,288.6,290.3,289.6,289.3,289.3,289.4,289.1,288.7
284.1,284,284,284.1,284.2,284.5,284.7,284.8,284.6,284.5,284.5,284.5,284.5,284.6,284.6,284.6,284.7,284.8,285,285.2,285.4,285.5,285.6,285.6,285.7,285.7,285.7,285.7,285.7,285.6,285.7,285.8,286,286.2,286.4,286.7,287,287.2,287.4,287.8,288.2,289.1,289.3,289.1,289,289,288.8,288.4,288.2,288,287.6,287.4,287.5,287.6,287.5,287.1,286.6,286.1,285.6,285.2,285.1,285,284.9,284.9,284.9,285.2,285.7,285.7,285.8,287.4,287.6,288.3,288.2,288.3,288.3,288.2,288.2,288.2
283.5,283.6,283.5,283.7,283.8,283.9,284,284,284,283.9,283.9,283.9,283.9,284,283.9,283.9,283.9,284,284.1,284.3,284.5,284.8,285.1,285.3,285.4,285.5,285.5,285.4,285.4,285.4,285.3,285.4,285.5,285.6,285.8,286.1,286.4,286.7,286.9,287.2,287.7,288.1,288.7,288.6,288.5,288.6,288.4,288.3,288.1,287.7,287.3,287.3,287.3,287.3,286.9,286.3,285.7,285.3,284.9,284.7,284.7,284.9,284.9,284.9,284.7,284.7,284.6,284.6,284.6,285.5,285.7,286,286.5,286.9,287.3,287.4,287.4,287.5
282.3,282.1,281.9,282.2,282.3,282.7,282.8,283,282.9,282.6,282.3,282.2,282.2,282.1,282,282.1,282.3,282.7,282.9,283.1,283.3,283.6,284,284.4,284.8,284.8,285,285.1,285,285,284.9,284.9,284.9,285,285.2,285.5,285.8,286.2,286.4,286.7,287,287.5,287.9,288,288,287.9,287.9,287.9,287.7,287.2,287,287,287.1,286.8,286.2,285.6,285.2,284.8,284.6,284.7,284.8,285,285,284.8,284.6,284.6,284.5,284.7,284.7,284.7,285,285.2,285.4,285.5,285.4,285.6,286,286.3
280.6,280.6,280.4,280.8,280.9,281.3,281.2,281.2,280.9,280.5,280.2,280.6,280.9,281.1,281.3,281.5,281.6,281.8,282,282.2,282.4,282.7,282.9,283.3,283.8,284,284.2,284.3,284.5,284.5,284.5,284.4,284.4,284.5,284.7,285,285.3,285.6,285.9,286.2,286.4,286.8,287.2,287.4,287.3,287.3,287.2,287.2,287,286.7,286.6,286.7,286.5,286.1,285.5,285,284.6,284.5,284.6,284.7,284.5,284.5,284.5,284.4,284.4,284.3,284.4,284.3,284.2,284.3,284.5,284.6,284.6,284.6,284.6,284.7,284.9,285.1
279.6,279.6,279.7,279.8,279.8,279.9,280.1,280,279.9,280,280.2,280.4,280.5,280.6,280.8,281,281.1,281.3,281.4,281.5,281.8,282,282.2,282.5,282.9,283.2,283.3,283.4,283.8,283.9,283.8,283.8,283.9,283.9,284.1,284.4,284.7,285,285.3,285.6,285.8,286.1,286.4,286.7,286.6,286.7,286.6,286.4,286.3,286.3,286.3,286.2,285.8,285.3,284.8,284.3,284.1,284.1,284,284.2,284,283.9,283.9,283.9,283.9,283.8,283.7,283.8,283.9,283.9,283.9,283.8,283.9,284,284,284.1,284.4,284.6
278.9,279,279,279.1,279.2,279.3,279.3,279.5,279.6,279.8,279.9,280,280.1,280.2,280.3,280.4,280.6,280.7,280.8,281,281.2,281.3,281.4,281.7,282,282.2,282.4,282.6,283,283.2,283.2,283.2,283.2,283.2,283.4,283.7,284,284.4,284.7,285,285.2,285.4,285.6,285.9,286,286,286,285.9,285.8,285.8,285.8,285.4,285,284.5,284,283.7,283.7,283.6,283.5,283.6,283.4,283.1,283,283,283.2,283.3,283.3,283.3,283.2,283.3,283.4,283.4,283.5,283.6,283.8,283.9,283.9,284
277.9,278,278.1,278.2,278.3,278.5,278.9,279.2,279.3,279.5,279.6,279.7,279.7,279.8,279.8,279.9,280.1,280.3,280.3,280.3,280.5,280.6,280.7,280.9,281,281.2,281.5,281.6,282,282.2,282.3,282.3,282.4,282.5,282.7,283,283.2,283.6,284,284.3,284.6,284.7,284.9,285,285.2,285.3,285.5,285.4,285.3,285.3,285.1,284.7,284.2,283.7,283.3,283.3,283.4,282.8,282.7,282.9,282.4,282.4,282.7,282.8,282.7,282.6,282.5,282.6,282.8,283,283.1,283.2,283.3,283.4,283.4,283.5,283.7,283.8
277.2,277.3,277.3,277.3,277.3,277.6,277.9,278.3,278.6,278.7,278.9,278.9,279.1,279.4,279.5,279.5,279.4,279.5,279.7,279.7,279.6,279.9,280.1,280.1,280.2,280.5,280.7,280.9,281.1,281.2,281.3,281.4,281.6,281.8,282,282.3,282.5,282.7,283.1,283.5,283.9,284.1,284.3,284.3,284.4,284.5,284.8,284.9,284.8,284.6,284.3,283.9,283.6,283.1,282.7,282.7,282.5,282,281.9,281.9,281.9,282,282,282,282,281.9,281.6,281.9,282.4,282.5,282.6,282.5,282.6,282.7,282.8,282.8,282.9,283
